0 0.260937 0.696875 0.254688 0.695312 0.251563 0.690625 0.243750 0.689063 0.242188 0.685937 0.232813 0.682813 0.231250 0.679688 0.225000 0.678125 0.218750 0.673438 0.215625 0.673438 0.210938 0.668750 0.204687 0.667188 0.201563 0.664062 0.195312 0.662500 0.190625 0.657813 0.187500 0.657813 0.182812 0.654687 0.173437 0.654687 0.171875 0.653125 0.164062 0.653125 0.162500 0.651563 0.154688 0.654687 0.151562 0.653125 0.148438 0.653125 0.146875 0.654687 0.142187 0.654687 0.140625 0.653125 0.132812 0.656250 0.131250 0.654687 0.128125 0.654687 0.126562 0.656250 0.121875 0.656250 0.120313 0.654687 0.112500 0.657813 0.107813 0.656250 0.106250 0.657813 0.093750 0.657813 0.092188 0.659375 0.089063 0.657813 0.085938 0.659375 0.075000 0.659375 0.065625 0.664062 0.062500 0.667188 0.057813 0.668750 0.057813 0.670312 0.051562 0.676562 0.046875 0.678125 0.046875 0.679688 0.039062 0.687500 0.035937 0.687500 0.035937 0.689063 0.015625 0.707812 0.015625 0.709375 0.007812 0.717187 0.006250 0.721875 0.000000 0.726562 0.000000 0.839063 0.001563 0.839063 0.006250 0.843750 0.010937 0.845313 0.014063 0.850000 0.021875 0.853125 0.023438 0.856250 0.028125 0.857812 0.037500 0.865625 0.042188 0.865625 0.046875 0.868750 0.057813 0.870313 0.064062 0.873437 0.070312 0.873437 0.073438 0.876563 0.082812 0.876563 0.085938 0.879687 0.092188 0.879687 0.104688 0.884375 0.123438 0.885938 0.125000 0.887500 0.132812 0.887500 0.134375 0.889062 0.142187 0.889062 0.143750 0.887500 0.145313 0.889062 0.148438 0.889062 0.150000 0.887500 0.160938 0.887500 0.162500 0.885938 0.165625 0.887500 0.173437 0.884375 0.178125 0.885938 0.185938 0.882812 0.187500 0.884375 0.196875 0.882812 0.206250 0.873437 0.210938 0.873437 0.217188 0.867188 0.225000 0.862500 0.226562 0.857812 0.231250 0.854688 0.234375 0.846875 0.237500 0.845313 0.242188 0.835938 0.245312 0.834375 0.248438 0.826562 0.253125 0.821875 0.254688 0.817187 0.257812 0.815625 0.260937 0.807813 0.265625 0.804688 0.268750 0.796875 0.271875 0.795312 0.273438 0.792188 0.275000 0.778125 0.278125 0.775000 0.278125 0.767188 0.279687 0.765625 0.279687 0.762500 0.276562 0.756250 0.278125 0.753125 0.273438 0.745313 0.275000 0.742188 0.271875 0.737500 0.273438 0.734375 0.268750 0.725000 0.270313 0.723437 0.262500 0.714063 0.264062 0.712500 0.257812 0.704688 0.257812 0.701562 0.256250 0.700000
0 0.484375 0.565625 0.479687 0.573438 0.475000 0.575000 0.467187 0.585938 0.465625 0.584375 0.462500 0.587500 0.459375 0.593750 0.454688 0.596875 0.446875 0.610938 0.442188 0.614062 0.445312 0.625000 0.451562 0.634375 0.450000 0.635938 0.453125 0.639062 0.454688 0.646875 0.464062 0.665625 0.462500 0.667188 0.468750 0.676562 0.470313 0.684375 0.479687 0.695312 0.481250 0.700000 0.489063 0.709375 0.489063 0.712500 0.496875 0.720313 0.498437 0.725000 0.528125 0.754687 0.535937 0.757812 0.539062 0.760938 0.545312 0.762500 0.546875 0.765625 0.560937 0.773438 0.564063 0.773438 0.568750 0.778125 0.573438 0.779687 0.587500 0.793750 0.593750 0.796875 0.595313 0.801562 0.600000 0.804688 0.615625 0.810937 0.621875 0.810937 0.625000 0.814063 0.634375 0.814063 0.635938 0.817187 0.643750 0.817187 0.645312 0.818750 0.653125 0.815625 0.657813 0.817187 0.659375 0.815625 0.671875 0.815625 0.673438 0.814063 0.678125 0.815625 0.685937 0.812500 0.687500 0.814063 0.701562 0.812500 0.706250 0.809375 0.707812 0.810937 0.717187 0.806250 0.718750 0.807813 0.735938 0.800000 0.742188 0.800000 0.746875 0.792188 0.751563 0.790625 0.754687 0.784375 0.767188 0.771875 0.770312 0.765625 0.776563 0.760938 0.779687 0.754687 0.785937 0.750000 0.789062 0.743750 0.796875 0.735938 0.798438 0.728125 0.801562 0.723437 0.801562 0.714063 0.806250 0.703125 0.806250 0.693750 0.810937 0.682813 0.810937 0.676562 0.809375 0.675000 0.810937 0.671875 0.810937 0.656250 0.809375 0.651563 0.801562 0.642188 0.803125 0.639062 0.796875 0.631250 0.796875 0.628125 0.793750 0.625000 0.790625 0.615625 0.785937 0.610938 0.784375 0.603125 0.779687 0.598437 0.781250 0.596875 0.776563 0.592187 0.775000 0.585938 0.767188 0.582812 0.764062 0.578125 0.754687 0.570312 0.750000 0.568750 0.746875 0.564063 0.739062 0.562500 0.735938 0.559375 0.717187 0.550000 0.707812 0.551562 0.706250 0.550000 0.696875 0.550000 0.695312 0.548438 0.693750 0.550000 0.687500 0.550000 0.685937 0.548438 0.681250 0.548438 0.679688 0.550000 0.670312 0.548438 0.668750 0.550000 0.660937 0.548438 0.656250 0.550000 0.653125 0.548438 0.646875 0.551562 0.643750 0.550000 0.637500 0.553125 0.634375 0.551562 0.625000 0.556250 0.621875 0.554688 0.620313 0.556250 0.615625 0.556250 0.614062 0.557813 0.610938 0.556250 0.603125 0.559375 0.601562 0.557813 0.595313 0.557813 0.593750 0.559375 0.592187 0.557813 0.587500 0.557813 0.585938 0.559375 0.581250 0.557813 0.576562 0.559375 0.571875 0.557813 0.562500 0.559375 0.560937 0.557813 0.559375 0.559375 0.535937 0.559375 0.534375 0.560937 0.529687 0.559375 0.521875 0.562500 0.517188 0.560937 0.515625 0.562500 0.504687 0.562500 0.503125 0.564063 0.498437 0.562500 0.490625 0.565625 0.489063 0.564063
0 0.246875 0.450000 0.246875 0.457813 0.248438 0.459375 0.248438 0.462500 0.250000 0.464062 0.248438 0.465625 0.248438 0.467187 0.250000 0.468750 0.250000 0.471875 0.251563 0.473438 0.253125 0.473438 0.254688 0.475000 0.254688 0.476562 0.256250 0.478125 0.257812 0.478125 0.259375 0.479687 0.259375 0.481250 0.260937 0.482812 0.262500 0.482812 0.265625 0.485938 0.265625 0.487500 0.267188 0.487500 0.268750 0.489063 0.268750 0.490625 0.270313 0.492188 0.271875 0.492188 0.278125 0.498437 0.278125 0.500000 0.284375 0.500000 0.287500 0.503125 0.296875 0.503125 0.298438 0.504687 0.298438 0.506250 0.306250 0.506250 0.307812 0.507812 0.317188 0.507812 0.318750 0.509375 0.326562 0.509375 0.328125 0.510938 0.337500 0.510938 0.339062 0.512500 0.346875 0.512500 0.348438 0.510938 0.350000 0.512500 0.356250 0.512500 0.357812 0.510938 0.359375 0.512500 0.365625 0.512500 0.367188 0.510938 0.368750 0.510938 0.370312 0.512500 0.378125 0.512500 0.379688 0.514062 0.382812 0.514062 0.384375 0.512500 0.385937 0.512500 0.389062 0.509375 0.392188 0.509375 0.395313 0.506250 0.404687 0.503125 0.409375 0.498437 0.412500 0.498437 0.414062 0.496875 0.415625 0.496875 0.417187 0.492188 0.421875 0.487500 0.423438 0.487500 0.423438 0.485938 0.426563 0.482812 0.426563 0.481250 0.434375 0.473438 0.434375 0.471875 0.437500 0.467187 0.437500 0.462500 0.440625 0.457813 0.440625 0.451562 0.439063 0.450000 0.437500 0.450000 0.434375 0.445312 0.429688 0.443750 0.421875 0.435937 0.417187 0.434375 0.415625 0.432812 0.415625 0.431250 0.414062 0.431250 0.410938 0.428125 0.409375 0.428125 0.406250 0.425000 0.406250 0.423438 0.404687 0.423438 0.403125 0.421875 0.398438 0.420312 0.396875 0.418750 0.396875 0.417187 0.393750 0.417187 0.392188 0.415625 0.389062 0.415625 0.384375 0.410938 0.381250 0.410938 0.376563 0.407813 0.368750 0.407813 0.365625 0.404687 0.357812 0.404687 0.356250 0.403125 0.350000 0.403125 0.345313 0.400000 0.329688 0.400000 0.328125 0.401562 0.323437 0.400000 0.321875 0.401562 0.310937 0.401562 0.309375 0.403125 0.306250 0.403125 0.304688 0.401562 0.303125 0.403125 0.298438 0.403125 0.296875 0.404687 0.292187 0.404687 0.290625 0.406250 0.289062 0.406250 0.284375 0.409375 0.282813 0.407813 0.275000 0.414062 0.273438 0.412500 0.268750 0.417187 0.267188 0.421875 0.260937 0.428125 0.260937 0.429688 0.259375 0.431250 0.259375 0.434375 0.257812 0.435937 0.256250 0.435937 0.256250 0.437500 0.254688 0.439063 0.253125 0.443750 0.251563 0.445312 0.250000 0.445312
0 0.503125 0.310937 0.503125 0.312500 0.501563 0.314063 0.501563 0.317188 0.500000 0.318750 0.500000 0.321875 0.501563 0.323437 0.501563 0.328125 0.500000 0.329688 0.500000 0.337500 0.501563 0.339062 0.500000 0.340625 0.500000 0.348438 0.498437 0.350000 0.498437 0.353125 0.500000 0.354687 0.500000 0.359375 0.498437 0.360938 0.500000 0.362500 0.501563 0.362500 0.507812 0.368750 0.507812 0.371875 0.512500 0.376563 0.512500 0.378125 0.514062 0.379688 0.514062 0.382812 0.517188 0.385937 0.517188 0.387500 0.521875 0.392188 0.520312 0.393750 0.525000 0.401562 0.523438 0.403125 0.525000 0.404687 0.525000 0.406250 0.528125 0.409375 0.528125 0.410938 0.529687 0.412500 0.528125 0.414062 0.531250 0.417187 0.531250 0.420312 0.534375 0.423438 0.534375 0.426563 0.539062 0.431250 0.539062 0.432812 0.540625 0.434375 0.540625 0.437500 0.550000 0.437500 0.551562 0.439063 0.559375 0.439063 0.560937 0.440625 0.567187 0.440625 0.568750 0.439063 0.570312 0.439063 0.571875 0.440625 0.579688 0.440625 0.581250 0.442188 0.590625 0.442188 0.592187 0.443750 0.596875 0.443750 0.598437 0.442188 0.600000 0.442188 0.601562 0.443750 0.603125 0.442188 0.606250 0.442188 0.607812 0.440625 0.617188 0.440625 0.618750 0.439063 0.625000 0.439063 0.632812 0.432812 0.634375 0.432812 0.635938 0.431250 0.639062 0.431250 0.643750 0.426563 0.646875 0.426563 0.651563 0.421875 0.653125 0.421875 0.654687 0.420312 0.656250 0.421875 0.659375 0.418750 0.660937 0.414062 0.662500 0.412500 0.664062 0.412500 0.664062 0.410938 0.667188 0.407813 0.667188 0.406250 0.671875 0.401562 0.671875 0.400000 0.673438 0.398438 0.673438 0.395313 0.676562 0.390625 0.676562 0.384375 0.679688 0.381250 0.679688 0.371875 0.678125 0.370312 0.678125 0.367188 0.676562 0.365625 0.676562 0.364063 0.678125 0.362500 0.676562 0.360938 0.676562 0.359375 0.673438 0.354687 0.673438 0.351562 0.671875 0.350000 0.670312 0.345313 0.667188 0.342187 0.665625 0.337500 0.660937 0.332813 0.660937 0.331250 0.659375 0.329688 0.654687 0.328125 0.650000 0.323437 0.648438 0.323437 0.646875 0.321875 0.642188 0.321875 0.640625 0.320312 0.640625 0.318750 0.637500 0.318750 0.635938 0.317188 0.632812 0.317188 0.629687 0.314063 0.625000 0.314063 0.621875 0.310937 0.618750 0.310937 0.617188 0.309375 0.612500 0.309375 0.610938 0.307812 0.610938 0.306250 0.607812 0.306250 0.606250 0.304688 0.603125 0.304688 0.601562 0.303125 0.592187 0.303125 0.590625 0.301563 0.582812 0.301563 0.581250 0.300000 0.571875 0.300000 0.570312 0.298438 0.562500 0.298438 0.560937 0.296875 0.551562 0.296875 0.550000 0.295312 0.545312 0.295312 0.543750 0.296875 0.540625 0.296875 0.539062 0.295312 0.537500 0.296875 0.534375 0.296875 0.532813 0.298438 0.531250 0.298438 0.529687 0.296875 0.528125 0.298438 0.523438 0.298438 0.521875 0.300000 0.520312 0.300000 0.518750 0.298438 0.517188 0.300000 0.514062 0.300000 0.512500 0.301563 0.512500 0.303125 0.506250 0.309375 0.504687 0.309375
0 0.703125 0.201563 0.703125 0.209375 0.701562 0.210938 0.701562 0.220312 0.700000 0.221875 0.700000 0.225000 0.701562 0.226562 0.701562 0.231250 0.703125 0.232813 0.703125 0.234375 0.706250 0.237500 0.706250 0.239063 0.707812 0.240625 0.707812 0.243750 0.709375 0.245312 0.712500 0.253125 0.717187 0.254688 0.721875 0.259375 0.726562 0.260937 0.729688 0.264062 0.729688 0.265625 0.731250 0.265625 0.742188 0.271875 0.746875 0.271875 0.750000 0.275000 0.751563 0.275000 0.753125 0.276562 0.757812 0.276562 0.759375 0.278125 0.764062 0.278125 0.765625 0.276562 0.768750 0.276562 0.770312 0.278125 0.787500 0.278125 0.789062 0.276562 0.790625 0.278125 0.792188 0.278125 0.793750 0.276562 0.803125 0.276562 0.804688 0.275000 0.809375 0.275000 0.810937 0.276562 0.815625 0.276562 0.817187 0.275000 0.820312 0.275000 0.821875 0.276562 0.829688 0.276562 0.831250 0.278125 0.837500 0.278125 0.839063 0.276562 0.840625 0.276562 0.842187 0.278125 0.853125 0.278125 0.860938 0.273438 0.862500 0.275000 0.864062 0.273438 0.867188 0.273438 0.871875 0.270313 0.873437 0.271875 0.881250 0.267188 0.887500 0.267188 0.889062 0.265625 0.896875 0.265625 0.901563 0.262500 0.904687 0.262500 0.906250 0.260937 0.907813 0.260937 0.912500 0.256250 0.917188 0.256250 0.921875 0.253125 0.921875 0.248438 0.923438 0.246875 0.923438 0.239063 0.925000 0.237500 0.926562 0.237500 0.926562 0.228125 0.928125 0.226562 0.928125 0.223438 0.925000 0.218750 0.925000 0.215625 0.918750 0.209375 0.918750 0.204687 0.912500 0.198437 0.910937 0.193750 0.906250 0.190625 0.901563 0.190625 0.898438 0.187500 0.895312 0.187500 0.893750 0.185938 0.890625 0.185938 0.889062 0.184375 0.881250 0.184375 0.878125 0.181250 0.870313 0.181250 0.868750 0.179688 0.864062 0.179688 0.862500 0.178125 0.859375 0.178125 0.857812 0.176563 0.850000 0.176563 0.848437 0.175000 0.843750 0.175000 0.842187 0.173437 0.839063 0.173437 0.837500 0.171875 0.829688 0.171875 0.828125 0.170313 0.825000 0.170313 0.823438 0.168750 0.818750 0.168750 0.817187 0.167187 0.809375 0.167187 0.807813 0.165625 0.798438 0.165625 0.796875 0.164062 0.795312 0.164062 0.793750 0.165625 0.789062 0.165625 0.787500 0.164062 0.785937 0.165625 0.771875 0.165625 0.770312 0.167187 0.767188 0.167187 0.765625 0.165625 0.764062 0.165625 0.762500 0.167187 0.754687 0.167187 0.750000 0.170313 0.743750 0.170313 0.742188 0.171875 0.739062 0.171875 0.737500 0.173437 0.731250 0.173437 0.726562 0.176563 0.725000 0.175000 0.723437 0.176563 0.721875 0.176563 0.718750 0.181250 0.717187 0.181250 0.715625 0.185938 0.709375 0.192188 0.706250 0.200000 0.704688 0.201563
0 0.596875 0.170313 0.590625 0.162500 0.590625 0.157812 0.582812 0.154688 0.579688 0.151562 0.578125 0.151562 0.570312 0.145313 0.568750 0.145313 0.567187 0.143750 0.564063 0.143750 0.562500 0.142187 0.553125 0.142187 0.551562 0.140625 0.542188 0.140625 0.540625 0.139063 0.532813 0.139063 0.531250 0.137500 0.531250 0.135937 0.521875 0.135937 0.520312 0.134375 0.512500 0.134375 0.510938 0.132812 0.501563 0.132812 0.500000 0.131250 0.492188 0.131250 0.490625 0.129688 0.489063 0.129688 0.487500 0.131250 0.484375 0.131250 0.482812 0.132812 0.481250 0.132812 0.479687 0.131250 0.478125 0.132812 0.473438 0.132812 0.471875 0.134375 0.470313 0.132812 0.462500 0.137500 0.457813 0.137500 0.453125 0.140625 0.446875 0.140625 0.439063 0.145313 0.437500 0.143750 0.429688 0.148438 0.423438 0.148438 0.420312 0.151562 0.415625 0.151562 0.407813 0.156250 0.404687 0.156250 0.403125 0.157812 0.400000 0.157812 0.398438 0.159375 0.395313 0.159375 0.387500 0.167187 0.384375 0.167187 0.379688 0.171875 0.379688 0.182812 0.381250 0.184375 0.379688 0.185938 0.379688 0.190625 0.381250 0.192188 0.381250 0.195312 0.379688 0.196875 0.379688 0.200000 0.381250 0.201563 0.381250 0.206250 0.379688 0.207813 0.381250 0.209375 0.381250 0.221875 0.384375 0.221875 0.385937 0.223438 0.390625 0.223438 0.392188 0.225000 0.398438 0.225000 0.401562 0.228125 0.410938 0.228125 0.412500 0.229687 0.415625 0.229687 0.417187 0.231250 0.420312 0.231250 0.421875 0.232813 0.431250 0.232813 0.432812 0.234375 0.440625 0.234375 0.442188 0.235937 0.445312 0.235937 0.446875 0.237500 0.451562 0.237500 0.453125 0.239063 0.460938 0.239063 0.462500 0.240625 0.467187 0.240625 0.471875 0.237500 0.473438 0.239063 0.475000 0.239063 0.476562 0.237500 0.479687 0.237500 0.481250 0.235937 0.487500 0.235937 0.489063 0.234375 0.498437 0.234375 0.503125 0.231250 0.504687 0.232813 0.506250 0.232813 0.507812 0.231250 0.510938 0.231250 0.512500 0.229687 0.514062 0.229687 0.515625 0.231250 0.520312 0.228125 0.523438 0.228125 0.525000 0.226562 0.526563 0.228125 0.528125 0.226562 0.531250 0.226562 0.532813 0.225000 0.534375 0.225000 0.535937 0.226562 0.537500 0.225000 0.542188 0.223438 0.545312 0.220312 0.546875 0.221875 0.554688 0.215625 0.557813 0.215625 0.565625 0.209375 0.568750 0.209375 0.570312 0.207813 0.571875 0.207813 0.578125 0.201563 0.582812 0.200000 0.584375 0.198437 0.584375 0.196875 0.589063 0.192188 0.590625 0.192188 0.593750 0.187500 0.593750 0.182812 0.596875 0.178125 0.596875 0.173437 0.595313 0.171875
0 0.221875 0.142187 0.218750 0.137500 0.214062 0.135937 0.210938 0.132812 0.210938 0.131250 0.209375 0.131250 0.207813 0.129688 0.203125 0.128125 0.201563 0.126562 0.201563 0.125000 0.200000 0.125000 0.198437 0.123438 0.196875 0.123438 0.192188 0.120313 0.182812 0.120313 0.181250 0.118750 0.165625 0.118750 0.164062 0.120313 0.162500 0.120313 0.160938 0.118750 0.157812 0.118750 0.156250 0.120313 0.151562 0.120313 0.150000 0.118750 0.148438 0.120313 0.134375 0.120313 0.132812 0.121875 0.131250 0.121875 0.129688 0.120313 0.125000 0.120313 0.123438 0.121875 0.121875 0.121875 0.120313 0.120313 0.114062 0.120313 0.112500 0.121875 0.110937 0.121875 0.109375 0.120313 0.106250 0.120313 0.101562 0.123438 0.095312 0.123438 0.090625 0.126562 0.089063 0.125000 0.087500 0.126562 0.085938 0.126562 0.081250 0.129688 0.076563 0.129688 0.073438 0.132812 0.071875 0.132812 0.068750 0.135937 0.067187 0.135937 0.060937 0.142187 0.059375 0.142187 0.059375 0.143750 0.056250 0.146875 0.056250 0.148438 0.051562 0.153125 0.051562 0.156250 0.050000 0.157812 0.050000 0.159375 0.048438 0.160938 0.046875 0.160938 0.046875 0.162500 0.045312 0.164062 0.045312 0.168750 0.046875 0.170313 0.045312 0.171875 0.045312 0.175000 0.046875 0.176563 0.046875 0.179688 0.045312 0.181250 0.046875 0.182812 0.046875 0.187500 0.048438 0.189062 0.046875 0.193750 0.048438 0.195312 0.048438 0.198437 0.050000 0.198437 0.054688 0.203125 0.057813 0.203125 0.059375 0.204687 0.060937 0.204687 0.065625 0.207813 0.068750 0.207813 0.073438 0.210938 0.081250 0.210938 0.082812 0.212500 0.092188 0.212500 0.093750 0.214062 0.101562 0.214062 0.103125 0.215625 0.112500 0.215625 0.114062 0.217188 0.118750 0.217188 0.120313 0.218750 0.120313 0.220312 0.121875 0.220312 0.123438 0.221875 0.125000 0.220312 0.142187 0.220312 0.143750 0.218750 0.145313 0.220312 0.150000 0.220312 0.151562 0.218750 0.153125 0.218750 0.154688 0.220312 0.157812 0.220312 0.159375 0.218750 0.170313 0.218750 0.171875 0.217188 0.176563 0.218750 0.178125 0.217188 0.182812 0.217188 0.184375 0.215625 0.185938 0.217188 0.201563 0.201563 0.203125 0.201563 0.203125 0.200000 0.206250 0.196875 0.207813 0.196875 0.209375 0.195312 0.209375 0.193750 0.210938 0.192188 0.212500 0.192188 0.215625 0.189062 0.215625 0.187500 0.217188 0.185938 0.218750 0.185938 0.218750 0.184375 0.220312 0.182812 0.221875 0.182812 0.221875 0.181250 0.223438 0.179688 0.223438 0.176563 0.228125 0.171875 0.228125 0.168750 0.225000 0.164062 0.226562 0.162500 0.225000 0.160938 0.225000 0.157812 0.223438 0.156250 0.223438 0.150000 0.220312 0.145313 0.220312 0.143750
0 0.748437 0.101562 0.748437 0.103125 0.751563 0.107813 0.751563 0.112500 0.754687 0.115625 0.756250 0.115625 0.757812 0.117188 0.759375 0.117188 0.760938 0.118750 0.760938 0.120313 0.762500 0.120313 0.765625 0.123438 0.767188 0.123438 0.771875 0.128125 0.773438 0.128125 0.775000 0.129688 0.776563 0.129688 0.781250 0.132812 0.789062 0.132812 0.792188 0.135937 0.800000 0.135937 0.801562 0.137500 0.807813 0.137500 0.809375 0.135937 0.810937 0.137500 0.814063 0.137500 0.815625 0.135937 0.828125 0.135937 0.829688 0.134375 0.831250 0.134375 0.832812 0.135937 0.834375 0.135937 0.835938 0.134375 0.845313 0.134375 0.850000 0.131250 0.854688 0.131250 0.859375 0.128125 0.862500 0.128125 0.864062 0.129688 0.865625 0.129688 0.867188 0.128125 0.879687 0.128125 0.881250 0.126562 0.882812 0.126562 0.884375 0.128125 0.892188 0.120313 0.896875 0.120313 0.904687 0.112500 0.906250 0.112500 0.907813 0.110937 0.909375 0.110937 0.910937 0.109375 0.912500 0.109375 0.915625 0.106250 0.917188 0.106250 0.920312 0.103125 0.921875 0.103125 0.917188 0.098437 0.917188 0.096875 0.915625 0.095312 0.915625 0.092188 0.910937 0.087500 0.909375 0.087500 0.904687 0.082812 0.903125 0.082812 0.901563 0.081250 0.900000 0.081250 0.896875 0.078125 0.895312 0.078125 0.893750 0.076563 0.890625 0.076563 0.885938 0.071875 0.882812 0.071875 0.873437 0.065625 0.868750 0.065625 0.867188 0.064062 0.857812 0.064062 0.856250 0.062500 0.848437 0.062500 0.846875 0.060937 0.837500 0.060937 0.835938 0.059375 0.828125 0.059375 0.826562 0.057813 0.817187 0.057813 0.815625 0.056250 0.807813 0.056250 0.806250 0.054688 0.796875 0.054688 0.795312 0.053125 0.790625 0.053125 0.785937 0.056250 0.784375 0.054688 0.782813 0.056250 0.781250 0.056250 0.779687 0.057813 0.778125 0.057813 0.776563 0.059375 0.775000 0.059375 0.771875 0.062500 0.771875 0.064062 0.770312 0.065625 0.770312 0.067187 0.762500 0.075000 0.762500 0.076563 0.760938 0.078125 0.760938 0.079687 0.759375 0.081250 0.757812 0.081250 0.757812 0.082812 0.756250 0.084375 0.756250 0.089063 0.754687 0.090625 0.753125 0.090625 0.753125 0.093750 0.751563 0.095312 0.751563 0.100000 0.750000 0.101562
0 0.225000 0.103125 0.226562 0.104688 0.226562 0.106250 0.229687 0.110937 0.228125 0.112500 0.231250 0.115625 0.231250 0.117188 0.234375 0.121875 0.232813 0.123438 0.234375 0.125000 0.234375 0.126562 0.237500 0.129688 0.239063 0.129688 0.242188 0.132812 0.242188 0.134375 0.248438 0.140625 0.250000 0.140625 0.253125 0.143750 0.254688 0.142187 0.259375 0.142187 0.260937 0.140625 0.267188 0.140625 0.271875 0.137500 0.273438 0.137500 0.275000 0.139063 0.279687 0.135937 0.287500 0.135937 0.289062 0.134375 0.292187 0.134375 0.293750 0.132812 0.295312 0.134375 0.296875 0.134375 0.298438 0.132812 0.303125 0.132812 0.304688 0.131250 0.306250 0.132812 0.307812 0.132812 0.309375 0.131250 0.312500 0.131250 0.314063 0.129688 0.315625 0.129688 0.317188 0.131250 0.318750 0.129688 0.329688 0.129688 0.331250 0.128125 0.345313 0.128125 0.346875 0.126562 0.348438 0.128125 0.354687 0.128125 0.356250 0.126562 0.357812 0.128125 0.360938 0.128125 0.365625 0.125000 0.370312 0.125000 0.375000 0.121875 0.381250 0.121875 0.382812 0.120313 0.384375 0.120313 0.385937 0.118750 0.387500 0.118750 0.387500 0.115625 0.389062 0.114062 0.389062 0.109375 0.390625 0.107813 0.390625 0.104688 0.392188 0.103125 0.392188 0.093750 0.390625 0.092188 0.390625 0.090625 0.389062 0.089063 0.387500 0.089063 0.381250 0.082812 0.381250 0.079687 0.379688 0.079687 0.375000 0.075000 0.373437 0.075000 0.370312 0.071875 0.371875 0.070312 0.370312 0.068750 0.368750 0.068750 0.364063 0.064062 0.362500 0.064062 0.360938 0.062500 0.360938 0.060937 0.353125 0.060937 0.351562 0.059375 0.345313 0.059375 0.340625 0.056250 0.332813 0.056250 0.331250 0.054688 0.321875 0.054688 0.320312 0.053125 0.318750 0.054688 0.312500 0.054688 0.310937 0.053125 0.306250 0.053125 0.304688 0.054688 0.301563 0.054688 0.300000 0.053125 0.295312 0.053125 0.293750 0.054688 0.292187 0.054688 0.290625 0.053125 0.289062 0.053125 0.287500 0.054688 0.275000 0.054688 0.273438 0.056250 0.264062 0.056250 0.262500 0.057813 0.260937 0.057813 0.259375 0.056250 0.257812 0.057813 0.256250 0.057813 0.253125 0.060937 0.251563 0.060937 0.250000 0.062500 0.246875 0.062500 0.242188 0.067187 0.240625 0.067187 0.239063 0.068750 0.237500 0.068750 0.237500 0.070312 0.234375 0.073438 0.234375 0.081250 0.232813 0.082812 0.231250 0.082812 0.231250 0.089063 0.228125 0.092188 0.228125 0.098437
0 0.304688 0.015625 0.306250 0.015625 0.310937 0.020313 0.312500 0.020313 0.314063 0.021875 0.314063 0.023438 0.317188 0.023438 0.318750 0.025000 0.323437 0.025000 0.325000 0.026562 0.325000 0.028125 0.329688 0.028125 0.331250 0.029687 0.332813 0.029687 0.334375 0.031250 0.343750 0.031250 0.345313 0.032813 0.350000 0.032813 0.351562 0.031250 0.353125 0.031250 0.354687 0.032813 0.364063 0.032813 0.365625 0.034375 0.368750 0.034375 0.370312 0.032813 0.373437 0.032813 0.375000 0.034375 0.376563 0.032813 0.381250 0.032813 0.382812 0.031250 0.384375 0.031250 0.385937 0.032813 0.387500 0.032813 0.389062 0.031250 0.400000 0.031250 0.401562 0.029687 0.409375 0.029687 0.410938 0.028125 0.414062 0.028125 0.415625 0.026562 0.417187 0.028125 0.418750 0.028125 0.420312 0.026562 0.423438 0.026562 0.425000 0.025000 0.426563 0.025000 0.428125 0.026562 0.429688 0.025000 0.434375 0.025000 0.435937 0.023438 0.437500 0.025000 0.440625 0.025000 0.442188 0.023438 0.445312 0.023438 0.446875 0.021875 0.448437 0.023438 0.451562 0.023438 0.453125 0.021875 0.454688 0.021875 0.457813 0.018750 0.459375 0.018750 0.459375 0.017188 0.460938 0.015625 0.460938 0.009375 0.464062 0.006250 0.464062 0.000000 0.306250 0.000000 0.306250 0.003125 0.304688 0.004687
