0 0.375000 0.771875 0.340625 0.800000 0.340625 0.801562 0.339062 0.803125 0.339062 0.806250 0.337500 0.807813 0.337500 0.810937 0.335938 0.812500 0.335938 0.815625 0.332813 0.820312 0.332813 0.823438 0.331250 0.825000 0.331250 0.828125 0.329688 0.829688 0.329688 0.832812 0.328125 0.834375 0.328125 0.837500 0.331250 0.842187 0.331250 0.845313 0.334375 0.850000 0.334375 0.853125 0.337500 0.857812 0.337500 0.860938 0.340625 0.865625 0.340625 0.868750 0.345313 0.876563 0.345313 0.879687 0.348438 0.884375 0.348438 0.887500 0.351562 0.892188 0.351562 0.895312 0.354687 0.900000 0.354687 0.903125 0.356250 0.904687 0.357812 0.909375 0.359375 0.909375 0.360938 0.910937 0.364063 0.910937 0.365625 0.912500 0.368750 0.912500 0.370312 0.914062 0.373437 0.914062 0.378125 0.917188 0.381250 0.917188 0.382812 0.918750 0.385937 0.918750 0.387500 0.920312 0.390625 0.920312 0.392188 0.921875 0.395313 0.921875 0.396875 0.923438 0.401562 0.923438 0.403125 0.925000 0.407813 0.925000 0.409375 0.926562 0.415625 0.926562 0.417187 0.928125 0.421875 0.928125 0.423438 0.929688 0.429688 0.929688 0.431250 0.931250 0.437500 0.931250 0.439063 0.932813 0.443750 0.932813 0.445312 0.934375 0.448437 0.934375 0.454688 0.928125 0.456250 0.928125 0.467187 0.917188 0.468750 0.917188 0.479687 0.906250 0.481250 0.906250 0.487500 0.900000 0.487500 0.893750 0.489063 0.892188 0.489063 0.881250 0.490625 0.879687 0.490625 0.868750 0.492188 0.867188 0.492188 0.856250 0.493750 0.854688 0.493750 0.843750 0.495312 0.842187 0.495312 0.835938 0.493750 0.834375 0.493750 0.832812 0.490625 0.829688 0.490625 0.828125 0.487500 0.825000 0.487500 0.823438 0.482812 0.818750 0.482812 0.817187 0.479687 0.814063 0.479687 0.812500 0.476562 0.809375 0.476562 0.807813 0.473438 0.804688 0.473438 0.803125 0.470313 0.800000 0.470313 0.798438 0.465625 0.793750 0.465625 0.792188 0.462500 0.789062 0.462500 0.787500 0.456250 0.779687 0.454688 0.779687 0.453125 0.778125 0.451562 0.778125 0.450000 0.776563 0.448437 0.776563 0.446875 0.775000 0.445312 0.775000 0.443750 0.773438 0.442188 0.773438 0.440625 0.771875 0.439063 0.771875 0.437500 0.770312 0.435937 0.770312 0.428125 0.765625 0.426563 0.765625 0.425000 0.767188 0.421875 0.767188 0.420312 0.768750 0.415625 0.768750 0.414062 0.770312 0.410938 0.770312 0.409375 0.771875 0.406250 0.771875 0.404687 0.773438 0.401562 0.773438 0.400000 0.775000 0.395313 0.775000 0.393750 0.776563 0.390625 0.776563 0.389062 0.778125 0.385937 0.778125 0.384375 0.776563 0.382812 0.776563
0 0.270313 0.604688 0.264062 0.604688 0.262500 0.603125 0.250000 0.603125 0.248438 0.601562 0.237500 0.601562 0.235937 0.600000 0.231250 0.600000 0.228125 0.596875 0.228125 0.595313 0.226562 0.593750 0.226562 0.592187 0.223438 0.592187 0.221875 0.593750 0.217188 0.593750 0.215625 0.595313 0.210938 0.595313 0.209375 0.596875 0.204687 0.596875 0.203125 0.598437 0.198437 0.598437 0.196875 0.600000 0.192188 0.600000 0.190625 0.601562 0.185938 0.601562 0.184375 0.603125 0.179688 0.603125 0.178125 0.604688 0.173437 0.604688 0.171875 0.606250 0.167187 0.606250 0.165625 0.607812 0.162500 0.607812 0.160938 0.609375 0.160938 0.610938 0.157812 0.614062 0.157812 0.615625 0.156250 0.617188 0.156250 0.618750 0.153125 0.621875 0.153125 0.623437 0.150000 0.626563 0.150000 0.628125 0.148438 0.629687 0.148438 0.631250 0.146875 0.632812 0.146875 0.648438 0.148438 0.650000 0.148438 0.665625 0.156250 0.673438 0.157812 0.673438 0.173437 0.689063 0.175000 0.689063 0.182812 0.696875 0.184375 0.696875 0.185938 0.698438 0.190625 0.698438 0.192188 0.700000 0.196875 0.700000 0.198437 0.701562 0.203125 0.701562 0.204687 0.703125 0.209375 0.703125 0.210938 0.704688 0.214062 0.704688 0.215625 0.703125 0.218750 0.703125 0.220312 0.701562 0.223438 0.701562 0.225000 0.700000 0.228125 0.700000 0.229687 0.698438 0.231250 0.698438 0.232813 0.696875 0.232813 0.695312 0.235937 0.692187 0.235937 0.690625 0.239063 0.687500 0.239063 0.685937 0.242188 0.682813 0.242188 0.681250 0.245312 0.678125 0.245312 0.676562 0.248438 0.673438 0.248438 0.671875 0.251563 0.668750 0.251563 0.667188 0.254688 0.664062 0.254688 0.662500 0.257812 0.659375 0.257812 0.657813 0.260937 0.654687 0.260937 0.653125 0.264062 0.650000 0.264062 0.648438 0.267188 0.645312 0.267188 0.643750 0.270313 0.640625 0.270313 0.639062 0.273438 0.635938 0.273438 0.634375 0.276562 0.631250 0.276562 0.629687 0.279687 0.626563 0.279687 0.625000 0.281250 0.623437 0.279687 0.621875 0.279687 0.620313 0.278125 0.618750 0.278125 0.617188 0.276562 0.615625 0.276562 0.614062 0.273438 0.610938 0.273438 0.609375 0.271875 0.607812 0.271875 0.606250
0 0.623437 0.517188 0.621875 0.518750 0.621875 0.520312 0.620313 0.521875 0.620313 0.523438 0.618750 0.525000 0.618750 0.526563 0.617188 0.528125 0.617188 0.531250 0.615625 0.532813 0.615625 0.537500 0.617188 0.539062 0.617188 0.543750 0.618750 0.545312 0.618750 0.550000 0.620313 0.551562 0.620313 0.554688 0.621875 0.556250 0.621875 0.560937 0.623437 0.562500 0.623437 0.567187 0.625000 0.568750 0.625000 0.570312 0.626563 0.571875 0.628125 0.571875 0.629687 0.573438 0.632812 0.573438 0.634375 0.575000 0.640625 0.575000 0.642188 0.576562 0.650000 0.576562 0.651563 0.578125 0.657813 0.578125 0.659375 0.576562 0.667188 0.576562 0.668750 0.575000 0.673438 0.575000 0.675000 0.573438 0.676562 0.573438 0.678125 0.571875 0.679688 0.571875 0.681250 0.570312 0.682813 0.570312 0.690625 0.562500 0.692187 0.562500 0.696875 0.557813 0.696875 0.554688 0.698438 0.553125 0.698438 0.548438 0.696875 0.546875 0.696875 0.543750 0.695312 0.542188 0.695312 0.539062 0.693750 0.537500 0.693750 0.534375 0.692187 0.532813 0.692187 0.531250 0.687500 0.526563 0.685937 0.526563 0.678125 0.518750 0.676562 0.518750 0.675000 0.517188 0.673438 0.517188 0.670312 0.514062 0.668750 0.514062 0.667188 0.512500 0.659375 0.512500 0.657813 0.510938 0.648438 0.510938 0.646875 0.512500 0.642188 0.512500 0.640625 0.514062 0.634375 0.514062 0.632812 0.515625 0.628125 0.515625 0.626563 0.517188
0 0.554688 0.448437 0.553125 0.446875 0.551562 0.446875 0.548438 0.443750 0.546875 0.443750 0.542188 0.439063 0.540625 0.439063 0.537500 0.435937 0.535937 0.435937 0.532813 0.432812 0.531250 0.432812 0.526563 0.428125 0.525000 0.428125 0.523438 0.426563 0.520312 0.426563 0.518750 0.425000 0.510938 0.425000 0.509375 0.423438 0.501563 0.423438 0.500000 0.421875 0.495312 0.421875 0.493750 0.423438 0.492188 0.423438 0.490625 0.425000 0.487500 0.425000 0.485938 0.426563 0.484375 0.426563 0.482812 0.428125 0.479687 0.428125 0.478125 0.429688 0.476562 0.429688 0.475000 0.431250 0.471875 0.431250 0.470313 0.432812 0.467187 0.432812 0.465625 0.434375 0.464062 0.434375 0.462500 0.435937 0.459375 0.435937 0.457813 0.437500 0.456250 0.437500 0.454688 0.439063 0.451562 0.439063 0.450000 0.440625 0.448437 0.440625 0.446875 0.442188 0.443750 0.442188 0.442188 0.443750 0.440625 0.443750 0.439063 0.445312 0.437500 0.445312 0.437500 0.453125 0.435937 0.454688 0.435937 0.460938 0.437500 0.460938 0.439063 0.462500 0.440625 0.462500 0.442188 0.464062 0.445312 0.464062 0.446875 0.465625 0.450000 0.465625 0.451562 0.467187 0.453125 0.467187 0.454688 0.468750 0.457813 0.468750 0.459375 0.470313 0.462500 0.470313 0.464062 0.471875 0.465625 0.471875 0.467187 0.473438 0.470313 0.473438 0.471875 0.475000 0.475000 0.475000 0.476562 0.476562 0.478125 0.476562 0.479687 0.478125 0.482812 0.478125 0.484375 0.479687 0.487500 0.479687 0.489063 0.481250 0.490625 0.481250 0.492188 0.482812 0.496875 0.482812 0.498437 0.481250 0.504687 0.481250 0.506250 0.479687 0.514062 0.479687 0.515625 0.478125 0.521875 0.478125 0.523438 0.476562 0.526563 0.476562 0.528125 0.475000 0.529687 0.475000 0.532813 0.471875 0.534375 0.471875 0.537500 0.468750 0.539062 0.468750 0.542188 0.465625 0.543750 0.465625 0.546875 0.462500 0.548438 0.462500 0.550000 0.460938 0.550000 0.459375 0.551562 0.457813 0.551562 0.456250 0.553125 0.454688 0.553125 0.451562 0.554688 0.450000
0 0.075000 0.417187 0.075000 0.418750 0.076563 0.420312 0.076563 0.421875 0.079687 0.426563 0.079687 0.429688 0.081250 0.431250 0.081250 0.432812 0.082812 0.434375 0.082812 0.435937 0.084375 0.437500 0.084375 0.439063 0.085938 0.439063 0.087500 0.440625 0.092188 0.440625 0.093750 0.442188 0.098437 0.442188 0.100000 0.443750 0.103125 0.443750 0.104688 0.445312 0.109375 0.445312 0.110937 0.446875 0.115625 0.446875 0.117188 0.448437 0.123438 0.448437 0.125000 0.450000 0.135937 0.450000 0.137500 0.451562 0.148438 0.451562 0.150000 0.453125 0.160938 0.453125 0.162500 0.454688 0.173437 0.454688 0.175000 0.456250 0.185938 0.456250 0.187500 0.457813 0.242188 0.457813 0.246875 0.453125 0.246875 0.451562 0.254688 0.443750 0.254688 0.442188 0.262500 0.434375 0.262500 0.432812 0.267188 0.428125 0.264062 0.425000 0.262500 0.425000 0.254688 0.417187 0.253125 0.417187 0.250000 0.414062 0.248438 0.414062 0.246875 0.412500 0.243750 0.412500 0.242188 0.410938 0.239063 0.410938 0.237500 0.409375 0.234375 0.409375 0.232813 0.407813 0.229687 0.407813 0.225000 0.404687 0.221875 0.404687 0.220312 0.403125 0.217188 0.403125 0.215625 0.401562 0.212500 0.401562 0.210938 0.400000 0.204687 0.400000 0.203125 0.398438 0.195312 0.398438 0.193750 0.396875 0.184375 0.396875 0.182812 0.395313 0.173437 0.395313 0.171875 0.393750 0.164062 0.393750 0.162500 0.392188 0.153125 0.392188 0.151562 0.390625 0.143750 0.390625 0.142187 0.389062 0.135937 0.389062 0.134375 0.390625 0.131250 0.390625 0.126562 0.393750 0.123438 0.393750 0.121875 0.395313 0.118750 0.395313 0.117188 0.396875 0.114062 0.396875 0.109375 0.400000 0.106250 0.400000 0.104688 0.401562 0.103125 0.401562 0.101562 0.403125 0.100000 0.403125 0.098437 0.404687 0.096875 0.404687 0.095312 0.406250 0.093750 0.406250 0.092188 0.407813 0.090625 0.407813 0.087500 0.410938 0.085938 0.410938 0.084375 0.412500 0.082812 0.412500 0.081250 0.414062 0.079687 0.414062
0 0.542188 0.368750 0.542188 0.370312 0.545312 0.370312 0.546875 0.371875 0.551562 0.371875 0.553125 0.373437 0.557813 0.373437 0.559375 0.375000 0.564063 0.375000 0.565625 0.376563 0.570312 0.376563 0.571875 0.378125 0.579688 0.378125 0.581250 0.376563 0.589063 0.376563 0.590625 0.375000 0.595313 0.375000 0.596875 0.373437 0.596875 0.371875 0.598437 0.370312 0.598437 0.368750 0.596875 0.367188 0.596875 0.365625 0.595313 0.364063 0.595313 0.362500 0.592187 0.359375 0.592187 0.357812 0.590625 0.356250 0.590625 0.354687 0.589063 0.353125 0.585938 0.353125 0.584375 0.351562 0.579688 0.351562 0.578125 0.350000 0.573438 0.350000 0.571875 0.348438 0.564063 0.348438 0.562500 0.346875 0.557813 0.346875 0.556250 0.348438 0.554688 0.348438 0.553125 0.350000 0.551562 0.350000 0.550000 0.351562 0.550000 0.353125 0.548438 0.354687 0.548438 0.356250 0.546875 0.357812 0.546875 0.360938 0.545312 0.362500 0.545312 0.364063 0.543750 0.365625 0.543750 0.367188
0 0.156250 0.318750 0.157812 0.320312 0.159375 0.320312 0.162500 0.323437 0.164062 0.323437 0.167187 0.326562 0.168750 0.326562 0.171875 0.329688 0.173437 0.329688 0.175000 0.331250 0.178125 0.331250 0.179688 0.332813 0.184375 0.332813 0.185938 0.334375 0.198437 0.334375 0.200000 0.335938 0.218750 0.335938 0.220312 0.337500 0.229687 0.337500 0.232813 0.334375 0.234375 0.334375 0.240625 0.328125 0.242188 0.328125 0.245312 0.325000 0.242188 0.321875 0.242188 0.320312 0.239063 0.317188 0.237500 0.317188 0.235937 0.315625 0.234375 0.315625 0.232813 0.314063 0.231250 0.314063 0.229687 0.312500 0.225000 0.312500 0.223438 0.310937 0.212500 0.310937 0.210938 0.309375 0.200000 0.309375 0.198437 0.307812 0.167187 0.307812 0.165625 0.306250 0.164062 0.306250 0.162500 0.307812 0.162500 0.309375 0.159375 0.312500 0.159375 0.314063 0.157812 0.315625 0.157812 0.317188
0 0.578125 0.284375 0.590625 0.296875 0.592187 0.296875 0.593750 0.298438 0.598437 0.298438 0.600000 0.300000 0.604688 0.300000 0.606250 0.301563 0.610938 0.301563 0.612500 0.303125 0.618750 0.303125 0.620313 0.304688 0.628125 0.304688 0.629687 0.306250 0.662500 0.306250 0.659375 0.303125 0.659375 0.301563 0.654687 0.296875 0.654687 0.295312 0.651563 0.292187 0.650000 0.292187 0.648438 0.290625 0.643750 0.290625 0.642188 0.289062 0.637500 0.289062 0.635938 0.287500 0.631250 0.287500 0.629687 0.285938 0.625000 0.285938 0.623437 0.284375 0.618750 0.284375 0.617188 0.282813 0.612500 0.282813 0.610938 0.281250 0.604688 0.281250 0.603125 0.279687 0.593750 0.279687 0.592187 0.278125 0.587500 0.278125 0.585938 0.279687 0.584375 0.279687 0.581250 0.282813 0.579688 0.282813
0 0.740625 0.245312 0.740625 0.246875 0.743750 0.250000 0.745313 0.250000 0.750000 0.254688 0.751563 0.254688 0.756250 0.259375 0.757812 0.259375 0.759375 0.260937 0.760938 0.260937 0.762500 0.262500 0.765625 0.262500 0.767188 0.264062 0.770312 0.264062 0.771875 0.265625 0.775000 0.265625 0.776563 0.267188 0.792188 0.267188 0.793750 0.265625 0.807813 0.265625 0.806250 0.264062 0.806250 0.262500 0.803125 0.259375 0.801562 0.259375 0.796875 0.254688 0.795312 0.254688 0.792188 0.251563 0.790625 0.251563 0.789062 0.250000 0.784375 0.250000 0.782813 0.248438 0.778125 0.248438 0.776563 0.246875 0.773438 0.246875 0.771875 0.245312 0.767188 0.245312 0.765625 0.243750 0.760938 0.243750 0.759375 0.242188 0.756250 0.242188 0.754687 0.240625 0.751563 0.240625 0.750000 0.239063 0.748437 0.239063 0.746875 0.237500 0.745313 0.237500 0.743750 0.239063 0.743750 0.240625 0.742188 0.242188 0.742188 0.243750
0 0.407813 0.237500 0.404687 0.237500 0.403125 0.235937 0.398438 0.235937 0.396875 0.234375 0.390625 0.234375 0.389062 0.232813 0.384375 0.232813 0.382812 0.231250 0.373437 0.231250 0.371875 0.232813 0.360938 0.232813 0.359375 0.234375 0.348438 0.234375 0.346875 0.235937 0.339062 0.235937 0.337500 0.237500 0.332813 0.237500 0.331250 0.239063 0.325000 0.239063 0.323437 0.240625 0.318750 0.240625 0.317188 0.242188 0.312500 0.242188 0.310937 0.243750 0.307812 0.243750 0.306250 0.245312 0.304688 0.245312 0.303125 0.246875 0.300000 0.246875 0.298438 0.248438 0.295312 0.248438 0.293750 0.250000 0.292187 0.250000 0.290625 0.251563 0.289062 0.251563 0.287500 0.253125 0.287500 0.254688 0.285938 0.256250 0.285938 0.257812 0.284375 0.259375 0.284375 0.260937 0.282813 0.262500 0.282813 0.264062 0.281250 0.265625 0.282813 0.267188 0.284375 0.267188 0.285938 0.268750 0.306250 0.268750 0.307812 0.270313 0.343750 0.270313 0.345313 0.271875 0.362500 0.271875 0.364063 0.270313 0.365625 0.270313 0.367188 0.268750 0.370312 0.268750 0.371875 0.267188 0.373437 0.267188 0.375000 0.265625 0.378125 0.265625 0.379688 0.264062 0.381250 0.264062 0.382812 0.262500 0.384375 0.262500 0.385937 0.260937 0.387500 0.260937 0.389062 0.259375 0.390625 0.259375 0.392188 0.257812 0.393750 0.257812 0.395313 0.256250 0.396875 0.256250 0.398438 0.254688 0.400000 0.254688 0.400000 0.253125 0.401562 0.251563 0.401562 0.250000 0.403125 0.248438 0.403125 0.246875 0.404687 0.245312 0.404687 0.243750 0.406250 0.242188 0.406250 0.240625 0.407813 0.239063
0 0.532813 0.165625 0.532813 0.167187 0.534375 0.167187 0.539062 0.170313 0.542188 0.170313 0.543750 0.171875 0.546875 0.171875 0.548438 0.173437 0.550000 0.173437 0.551562 0.175000 0.554688 0.175000 0.556250 0.176563 0.564063 0.176563 0.565625 0.178125 0.576562 0.178125 0.578125 0.179688 0.598437 0.179688 0.600000 0.178125 0.635938 0.178125 0.637500 0.179688 0.640625 0.179688 0.642188 0.181250 0.646875 0.181250 0.648438 0.182812 0.651563 0.182812 0.653125 0.184375 0.654687 0.184375 0.656250 0.185938 0.657813 0.185938 0.659375 0.187500 0.660937 0.187500 0.662500 0.189062 0.664062 0.189062 0.665625 0.190625 0.667188 0.190625 0.668750 0.192188 0.670312 0.192188 0.675000 0.196875 0.676562 0.196875 0.681250 0.201563 0.682813 0.201563 0.687500 0.204687 0.690625 0.204687 0.692187 0.206250 0.695312 0.206250 0.696875 0.207813 0.700000 0.207813 0.701562 0.209375 0.745313 0.209375 0.745313 0.207813 0.748437 0.203125 0.748437 0.200000 0.750000 0.198437 0.750000 0.196875 0.739062 0.185938 0.737500 0.185938 0.735938 0.184375 0.732812 0.184375 0.731250 0.182812 0.728125 0.182812 0.726562 0.181250 0.723437 0.181250 0.721875 0.179688 0.715625 0.179688 0.714063 0.178125 0.706250 0.178125 0.704688 0.176563 0.700000 0.176563 0.698438 0.175000 0.685937 0.175000 0.684375 0.173437 0.671875 0.173437 0.670312 0.171875 0.665625 0.171875 0.664062 0.170313 0.660937 0.170313 0.659375 0.168750 0.656250 0.168750 0.654687 0.167187 0.650000 0.167187 0.648438 0.165625 0.643750 0.165625 0.642188 0.164062 0.637500 0.164062 0.635938 0.162500 0.631250 0.162500 0.629687 0.160938 0.625000 0.160938 0.623437 0.159375 0.615625 0.159375 0.614062 0.157812 0.603125 0.157812 0.601562 0.156250 0.590625 0.156250 0.589063 0.154688 0.578125 0.154688 0.576562 0.153125 0.560937 0.153125 0.559375 0.151562 0.546875 0.151562 0.545312 0.153125 0.540625 0.153125 0.539062 0.154688 0.537500 0.154688 0.537500 0.156250 0.534375 0.160938 0.534375 0.164062
