0 0.387500 0.993750 0.387500 0.989062 0.385937 0.987500 0.385937 0.979688 0.384375 0.978125 0.384375 0.970313 0.382812 0.968750 0.382812 0.964063 0.381250 0.962500 0.381250 0.959375 0.379688 0.957812 0.379688 0.954688 0.378125 0.953125 0.378125 0.950000 0.376563 0.948438 0.376563 0.945312 0.375000 0.943750 0.375000 0.940625 0.373437 0.939063 0.373437 0.935937 0.371875 0.934375 0.371875 0.932813 0.370312 0.931250 0.368750 0.926562 0.362500 0.918750 0.360938 0.914062 0.354687 0.906250 0.354687 0.904687 0.353125 0.903125 0.353125 0.901563 0.351562 0.900000 0.351562 0.898438 0.348438 0.893750 0.348438 0.890625 0.345313 0.885938 0.345313 0.882812 0.343750 0.881250 0.342187 0.876563 0.320312 0.854688 0.315625 0.854688 0.314063 0.856250 0.306250 0.856250 0.304688 0.857812 0.296875 0.857812 0.295312 0.859375 0.290625 0.859375 0.284375 0.865625 0.284375 0.867188 0.273438 0.878125 0.273438 0.879687 0.265625 0.887500 0.264062 0.892188 0.260937 0.895312 0.259375 0.900000 0.256250 0.903125 0.256250 0.904687 0.254688 0.906250 0.254688 0.907813 0.251563 0.910937 0.250000 0.915625 0.243750 0.923438 0.242188 0.928125 0.235937 0.935937 0.234375 0.940625 0.228125 0.948438 0.226562 0.953125 0.223438 0.956250 0.223438 0.957812 0.220312 0.960938 0.218750 0.965625 0.215625 0.968750 0.215625 0.970313 0.214062 0.971875 0.214062 0.973437 0.215625 0.975000 0.217188 0.979688 0.225000 0.979688 0.226562 0.981250 0.242188 0.981250 0.243750 0.982812 0.257812 0.982812 0.259375 0.984375 0.275000 0.984375 0.276562 0.985938 0.292187 0.985938 0.293750 0.987500 0.309375 0.987500 0.310937 0.989062 0.326562 0.989062 0.328125 0.990625 0.342187 0.990625 0.343750 0.992188 0.359375 0.992188 0.360938 0.993750 0.376563 0.993750 0.378125 0.995313 0.385937 0.995313
0 0.881250 0.798438 0.879687 0.800000 0.879687 0.801562 0.876563 0.804688 0.876563 0.806250 0.873437 0.810937 0.873437 0.817187 0.871875 0.818750 0.871875 0.834375 0.870313 0.835938 0.870313 0.853125 0.868750 0.854688 0.868750 0.870313 0.867188 0.871875 0.867188 0.901563 0.865625 0.903125 0.865625 0.959375 0.864062 0.960938 0.864062 0.981250 0.862500 0.982812 0.862500 0.998437 0.968750 0.998437 0.968750 0.979688 0.970313 0.978125 0.970313 0.959375 0.968750 0.957812 0.968750 0.956250 0.967187 0.954688 0.967187 0.953125 0.965625 0.951562 0.965625 0.950000 0.964063 0.948438 0.964063 0.946875 0.962500 0.945312 0.962500 0.943750 0.957812 0.935937 0.957812 0.932813 0.956250 0.931250 0.956250 0.929688 0.954688 0.928125 0.954688 0.926562 0.953125 0.925000 0.953125 0.923438 0.951562 0.921875 0.950000 0.917188 0.945312 0.912500 0.945312 0.910937 0.942187 0.907813 0.942187 0.906250 0.932813 0.895312 0.932813 0.893750 0.929688 0.889062 0.929688 0.885938 0.928125 0.884375 0.928125 0.881250 0.926562 0.879687 0.926562 0.875000 0.925000 0.873437 0.925000 0.870313 0.923438 0.868750 0.923438 0.865625 0.921875 0.864062 0.921875 0.860938 0.920312 0.859375 0.920312 0.856250 0.918750 0.854688 0.918750 0.851562 0.915625 0.846875 0.915625 0.843750 0.914062 0.842187 0.914062 0.839063 0.912500 0.837500 0.912500 0.834375 0.910937 0.832812 0.910937 0.831250 0.909375 0.829688 0.909375 0.828125 0.907813 0.826562 0.907813 0.825000 0.906250 0.823438 0.906250 0.821875 0.904687 0.820312 0.904687 0.818750 0.903125 0.817187 0.901563 0.812500 0.898438 0.809375 0.896875 0.809375 0.893750 0.806250 0.892188 0.806250 0.889062 0.803125 0.887500 0.803125 0.884375 0.800000 0.882812 0.800000
0 0.414062 0.593750 0.406250 0.615625 0.406250 0.634375 0.404687 0.635938 0.404687 0.684375 0.409375 0.692187 0.409375 0.695312 0.418750 0.715625 0.442188 0.746875 0.465625 0.757812 0.498437 0.760938 0.518750 0.776563 0.545312 0.803125 0.579688 0.803125 0.581250 0.801562 0.587500 0.801562 0.589063 0.800000 0.595313 0.800000 0.596875 0.798438 0.607812 0.796875 0.626563 0.814063 0.643750 0.821875 0.646875 0.821875 0.681250 0.804688 0.700000 0.779687 0.707812 0.762500 0.712500 0.746875 0.715625 0.742188 0.715625 0.682813 0.714063 0.681250 0.714063 0.657813 0.712500 0.656250 0.710938 0.634375 0.709375 0.632812 0.709375 0.626563 0.706250 0.620313 0.706250 0.615625 0.700000 0.600000 0.700000 0.595313 0.695312 0.584375 0.681250 0.565625 0.660937 0.548438 0.623437 0.535937 0.592187 0.535937 0.590625 0.537500 0.581250 0.537500 0.579688 0.539062 0.570312 0.539062 0.568750 0.540625 0.557813 0.540625 0.556250 0.542188 0.545312 0.542188 0.543750 0.543750 0.532813 0.543750 0.531250 0.545312 0.510938 0.546875 0.509375 0.548438 0.467187 0.557813 0.434375 0.582812
0 0.723437 0.500000 0.709375 0.514062 0.714063 0.518750 0.714063 0.520312 0.718750 0.525000 0.718750 0.526563 0.720313 0.528125 0.720313 0.529687 0.721875 0.531250 0.721875 0.532813 0.723437 0.534375 0.723437 0.535937 0.732812 0.545312 0.732812 0.546875 0.742188 0.556250 0.743750 0.556250 0.745313 0.557813 0.746875 0.557813 0.748437 0.559375 0.750000 0.559375 0.753125 0.562500 0.754687 0.562500 0.756250 0.564063 0.757812 0.564063 0.759375 0.565625 0.760938 0.565625 0.762500 0.567187 0.768750 0.567187 0.770312 0.568750 0.776563 0.568750 0.785937 0.559375 0.785937 0.556250 0.784375 0.554688 0.784375 0.550000 0.782813 0.548438 0.782813 0.543750 0.781250 0.542188 0.781250 0.540625 0.776563 0.535937 0.775000 0.535937 0.764062 0.525000 0.764062 0.523438 0.750000 0.509375 0.748437 0.509375 0.746875 0.507812 0.745313 0.507812 0.743750 0.506250 0.742188 0.506250 0.740625 0.504687 0.739062 0.504687 0.737500 0.503125 0.732812 0.503125 0.731250 0.501563 0.726562 0.501563 0.725000 0.500000
0 0.871875 0.501563 0.870313 0.503125 0.868750 0.507812 0.865625 0.510938 0.864062 0.515625 0.851562 0.528125 0.851562 0.529687 0.850000 0.531250 0.850000 0.534375 0.848437 0.535937 0.848437 0.539062 0.846875 0.540625 0.846875 0.543750 0.845313 0.545312 0.845313 0.548438 0.843750 0.550000 0.843750 0.553125 0.842187 0.554688 0.842187 0.557813 0.843750 0.559375 0.843750 0.560937 0.845313 0.562500 0.845313 0.564063 0.846875 0.565625 0.846875 0.567187 0.848437 0.568750 0.848437 0.570312 0.850000 0.571875 0.850000 0.573438 0.851562 0.575000 0.851562 0.576562 0.853125 0.578125 0.853125 0.579688 0.854688 0.581250 0.854688 0.582812 0.856250 0.584375 0.856250 0.585938 0.857812 0.587500 0.857812 0.589063 0.862500 0.596875 0.862500 0.600000 0.865625 0.604688 0.865625 0.607812 0.867188 0.609375 0.867188 0.610938 0.868750 0.612500 0.868750 0.614062 0.870313 0.615625 0.870313 0.617188 0.871875 0.618750 0.871875 0.620313 0.873437 0.621875 0.873437 0.623437 0.875000 0.625000 0.875000 0.626563 0.876563 0.628125 0.876563 0.629687 0.878125 0.631250 0.878125 0.632812 0.879687 0.634375 0.881250 0.639062 0.898438 0.654687 0.898438 0.656250 0.903125 0.660937 0.903125 0.662500 0.904687 0.664062 0.906250 0.664062 0.907813 0.665625 0.909375 0.665625 0.910937 0.667188 0.912500 0.667188 0.920312 0.671875 0.923438 0.671875 0.925000 0.673438 0.926562 0.673438 0.934375 0.678125 0.935937 0.678125 0.939063 0.675000 0.939063 0.673438 0.943750 0.668750 0.943750 0.667188 0.953125 0.657813 0.953125 0.656250 0.957812 0.651563 0.960938 0.651563 0.962500 0.653125 0.968750 0.653125 0.970313 0.654687 0.976562 0.654687 0.978125 0.656250 0.982812 0.656250 0.984375 0.657813 0.990625 0.657813 0.992188 0.659375 0.995313 0.659375 0.996875 0.657813 0.996875 0.643750 0.998437 0.642188 0.998437 0.578125 0.985938 0.564063 0.985938 0.562500 0.984375 0.560937 0.984375 0.559375 0.982812 0.557813 0.982812 0.556250 0.981250 0.554688 0.981250 0.553125 0.979688 0.551562 0.978125 0.546875 0.975000 0.543750 0.975000 0.542188 0.970313 0.537500 0.970313 0.535937 0.964063 0.529687 0.962500 0.529687 0.954688 0.521875 0.953125 0.521875 0.948438 0.517188 0.946875 0.517188 0.945312 0.515625 0.943750 0.515625 0.942187 0.514062 0.940625 0.514062 0.939063 0.512500 0.937500 0.512500 0.935937 0.510938 0.934375 0.510938 0.932813 0.509375 0.931250 0.509375 0.923438 0.504687 0.920312 0.504687 0.918750 0.503125 0.915625 0.503125 0.910937 0.500000 0.907813 0.500000 0.906250 0.498437 0.881250 0.498437 0.879687 0.500000 0.875000 0.500000 0.873437 0.501563
0 0.842187 0.404687 0.842187 0.410938 0.843750 0.412500 0.843750 0.418750 0.848437 0.423438 0.848437 0.425000 0.854688 0.431250 0.856250 0.431250 0.859375 0.434375 0.860938 0.434375 0.862500 0.435937 0.864062 0.435937 0.867188 0.439063 0.868750 0.439063 0.871875 0.442188 0.873437 0.442188 0.875000 0.443750 0.876563 0.443750 0.878125 0.445312 0.879687 0.445312 0.881250 0.446875 0.882812 0.446875 0.884375 0.448437 0.885938 0.448437 0.887500 0.450000 0.889062 0.450000 0.890625 0.448437 0.892188 0.448437 0.893750 0.446875 0.895312 0.446875 0.898438 0.443750 0.900000 0.443750 0.901563 0.442188 0.903125 0.442188 0.904687 0.440625 0.904687 0.435937 0.903125 0.434375 0.903125 0.429688 0.901563 0.428125 0.901563 0.426563 0.898438 0.423438 0.898438 0.421875 0.895312 0.418750 0.895312 0.417187 0.889062 0.410938 0.889062 0.409375 0.884375 0.404687 0.882812 0.404687 0.881250 0.403125 0.878125 0.403125 0.876563 0.401562 0.873437 0.401562 0.871875 0.400000 0.868750 0.400000 0.867188 0.398438 0.864062 0.398438 0.862500 0.396875 0.859375 0.396875 0.857812 0.398438 0.856250 0.398438 0.854688 0.400000 0.851562 0.400000 0.850000 0.401562 0.848437 0.401562 0.846875 0.403125 0.845313 0.403125 0.843750 0.404687
0 0.525000 0.389062 0.525000 0.395313 0.523438 0.396875 0.523438 0.406250 0.525000 0.407813 0.525000 0.412500 0.526563 0.414062 0.526563 0.417187 0.529687 0.420312 0.531250 0.420312 0.534375 0.423438 0.539062 0.423438 0.540625 0.425000 0.551562 0.425000 0.553125 0.426563 0.576562 0.426563 0.578125 0.425000 0.579688 0.425000 0.581250 0.423438 0.582812 0.423438 0.582812 0.406250 0.576562 0.400000 0.576562 0.398438 0.570312 0.392188 0.568750 0.392188 0.567187 0.390625 0.564063 0.390625 0.562500 0.389062 0.559375 0.389062 0.557813 0.387500 0.550000 0.387500 0.548438 0.385937 0.539062 0.385937 0.537500 0.384375 0.532813 0.384375 0.531250 0.385937 0.529687 0.385937 0.528125 0.387500 0.526563 0.387500
0 0.950000 0.381250 0.950000 0.382812 0.948438 0.384375 0.948438 0.385937 0.946875 0.387500 0.946875 0.389062 0.948438 0.390625 0.948438 0.392188 0.951562 0.395313 0.951562 0.396875 0.954688 0.400000 0.954688 0.401562 0.957812 0.404687 0.959375 0.404687 0.960938 0.406250 0.962500 0.406250 0.964063 0.407813 0.965625 0.407813 0.967187 0.409375 0.968750 0.409375 0.970313 0.410938 0.971875 0.410938 0.973437 0.412500 0.975000 0.412500 0.976562 0.414062 0.978125 0.414062 0.979688 0.415625 0.981250 0.415625 0.982812 0.417187 0.984375 0.417187 0.985938 0.418750 0.987500 0.418750 0.989062 0.420312 0.990625 0.420312 0.995313 0.425000 0.996875 0.425000 0.998437 0.426563 0.998437 0.387500 0.995313 0.384375 0.993750 0.384375 0.992188 0.382812 0.990625 0.382812 0.989062 0.381250 0.987500 0.381250 0.985938 0.379688 0.984375 0.379688 0.982812 0.378125 0.981250 0.378125 0.979688 0.376563 0.975000 0.376563 0.973437 0.378125 0.960938 0.378125 0.959375 0.379688 0.951562 0.379688
0 0.409375 0.387500 0.409375 0.407813 0.410938 0.409375 0.412500 0.409375 0.414062 0.410938 0.415625 0.410938 0.417187 0.412500 0.418750 0.412500 0.420312 0.414062 0.423438 0.414062 0.425000 0.415625 0.426563 0.415625 0.428125 0.417187 0.429688 0.417187 0.431250 0.418750 0.432812 0.418750 0.434375 0.420312 0.437500 0.420312 0.439063 0.421875 0.440625 0.421875 0.442188 0.423438 0.443750 0.423438 0.445312 0.425000 0.451562 0.425000 0.453125 0.426563 0.464062 0.426563 0.465625 0.428125 0.471875 0.428125 0.482812 0.417187 0.482812 0.407813 0.484375 0.406250 0.484375 0.395313 0.482812 0.393750 0.482812 0.390625 0.481250 0.389062 0.481250 0.387500 0.479687 0.385937 0.479687 0.384375 0.478125 0.384375 0.476562 0.382812 0.473438 0.382812 0.471875 0.381250 0.470313 0.381250 0.468750 0.379688 0.465625 0.379688 0.464062 0.378125 0.440625 0.378125 0.435937 0.373437 0.432812 0.373437 0.431250 0.375000 0.426563 0.375000 0.425000 0.376563 0.421875 0.376563 0.417187 0.381250 0.415625 0.381250
0 0.735938 0.359375 0.735938 0.360938 0.737500 0.362500 0.737500 0.365625 0.739062 0.367188 0.739062 0.368750 0.740625 0.370312 0.740625 0.373437 0.742188 0.375000 0.742188 0.376563 0.748437 0.382812 0.750000 0.382812 0.756250 0.389062 0.759375 0.389062 0.760938 0.390625 0.767188 0.390625 0.768750 0.392188 0.775000 0.392188 0.776563 0.393750 0.779687 0.393750 0.784375 0.389062 0.785937 0.389062 0.793750 0.381250 0.795312 0.381250 0.798438 0.378125 0.798438 0.376563 0.796875 0.375000 0.796875 0.371875 0.795312 0.370312 0.795312 0.368750 0.793750 0.367188 0.793750 0.365625 0.792188 0.364063 0.790625 0.364063 0.789062 0.362500 0.787500 0.362500 0.785937 0.360938 0.784375 0.360938 0.782813 0.359375 0.781250 0.359375 0.779687 0.357812 0.778125 0.357812 0.776563 0.356250 0.773438 0.356250 0.771875 0.354687 0.756250 0.354687 0.754687 0.353125 0.743750 0.353125 0.740625 0.356250 0.739062 0.356250
0 0.629687 0.312500 0.629687 0.343750 0.631250 0.345313 0.631250 0.351562 0.632812 0.353125 0.632812 0.354687 0.634375 0.356250 0.634375 0.357812 0.635938 0.359375 0.635938 0.360938 0.637500 0.362500 0.637500 0.364063 0.639062 0.365625 0.640625 0.365625 0.642188 0.367188 0.645312 0.367188 0.646875 0.368750 0.651563 0.368750 0.653125 0.370312 0.656250 0.370312 0.657813 0.371875 0.659375 0.371875 0.664062 0.376563 0.665625 0.375000 0.667188 0.375000 0.671875 0.370312 0.673438 0.370312 0.678125 0.365625 0.679688 0.365625 0.681250 0.364063 0.681250 0.357812 0.679688 0.356250 0.679688 0.350000 0.678125 0.348438 0.678125 0.346875 0.676562 0.345313 0.676562 0.343750 0.675000 0.342187 0.675000 0.340625 0.673438 0.339062 0.673438 0.337500 0.671875 0.335938 0.671875 0.331250 0.670312 0.329688 0.670312 0.325000 0.668750 0.323437 0.668750 0.318750 0.667188 0.317188 0.667188 0.315625 0.662500 0.315625 0.660937 0.314063 0.653125 0.314063 0.651563 0.312500
0 0.493750 0.310937 0.493750 0.312500 0.495312 0.314063 0.495312 0.318750 0.496875 0.320312 0.496875 0.323437 0.498437 0.325000 0.498437 0.326562 0.509375 0.337500 0.510938 0.337500 0.514062 0.340625 0.515625 0.340625 0.520312 0.345313 0.521875 0.345313 0.525000 0.348438 0.526563 0.348438 0.528125 0.350000 0.535937 0.350000 0.537500 0.351562 0.545312 0.351562 0.546875 0.350000 0.548438 0.350000 0.550000 0.348438 0.551562 0.348438 0.553125 0.346875 0.554688 0.346875 0.556250 0.345313 0.557813 0.345313 0.557813 0.343750 0.556250 0.342187 0.556250 0.340625 0.554688 0.339062 0.554688 0.335938 0.553125 0.334375 0.553125 0.331250 0.551562 0.329688 0.551562 0.328125 0.550000 0.326562 0.550000 0.325000 0.548438 0.325000 0.546875 0.323437 0.545312 0.323437 0.543750 0.321875 0.542188 0.321875 0.540625 0.320312 0.539062 0.320312 0.537500 0.318750 0.532813 0.318750 0.531250 0.317188 0.526563 0.317188 0.525000 0.315625 0.520312 0.315625 0.518750 0.314063 0.514062 0.314063 0.512500 0.312500 0.501563 0.312500 0.500000 0.310937
0 0.739062 0.310937 0.739062 0.312500 0.740625 0.314063 0.740625 0.315625 0.742188 0.317188 0.742188 0.318750 0.743750 0.320312 0.743750 0.321875 0.745313 0.323437 0.746875 0.323437 0.748437 0.325000 0.750000 0.325000 0.751563 0.326562 0.753125 0.326562 0.754687 0.328125 0.756250 0.328125 0.757812 0.329688 0.762500 0.329688 0.764062 0.331250 0.768750 0.331250 0.770312 0.332813 0.784375 0.332813 0.784375 0.326562 0.782813 0.325000 0.782813 0.318750 0.781250 0.317188 0.779687 0.317188 0.775000 0.312500 0.773438 0.312500 0.771875 0.310937 0.770312 0.310937 0.768750 0.309375 0.765625 0.309375 0.764062 0.307812 0.762500 0.307812 0.760938 0.306250 0.753125 0.306250 0.751563 0.304688 0.746875 0.304688 0.743750 0.307812 0.742188 0.307812
0 0.331250 0.300000 0.329688 0.298438 0.329688 0.295312 0.328125 0.293750 0.328125 0.292187 0.326562 0.290625 0.326562 0.289062 0.323437 0.289062 0.321875 0.287500 0.310937 0.287500 0.309375 0.285938 0.300000 0.285938 0.298438 0.287500 0.290625 0.287500 0.289062 0.289062 0.279687 0.289062 0.278125 0.287500 0.265625 0.287500 0.264062 0.285938 0.254688 0.285938 0.253125 0.287500 0.245312 0.287500 0.243750 0.289062 0.237500 0.289062 0.235937 0.290625 0.231250 0.290625 0.229687 0.292187 0.228125 0.292187 0.226562 0.293750 0.225000 0.293750 0.223438 0.295312 0.221875 0.295312 0.217188 0.300000 0.215625 0.300000 0.209375 0.306250 0.207813 0.306250 0.200000 0.314063 0.198437 0.314063 0.195312 0.317188 0.195312 0.318750 0.193750 0.320312 0.193750 0.323437 0.192188 0.325000 0.192188 0.326562 0.190625 0.328125 0.190625 0.331250 0.189062 0.332813 0.189062 0.334375 0.190625 0.334375 0.192188 0.335938 0.193750 0.335938 0.195312 0.337500 0.198437 0.337500 0.200000 0.339062 0.201563 0.339062 0.203125 0.340625 0.206250 0.340625 0.207813 0.342187 0.210938 0.342187 0.212500 0.343750 0.214062 0.343750 0.215625 0.345313 0.220312 0.345313 0.221875 0.346875 0.226562 0.346875 0.228125 0.348438 0.232813 0.348438 0.234375 0.350000 0.239063 0.350000 0.240625 0.351562 0.245312 0.351562 0.246875 0.353125 0.251563 0.353125 0.253125 0.354687 0.259375 0.354687 0.260937 0.353125 0.265625 0.353125 0.267188 0.351562 0.271875 0.351562 0.273438 0.350000 0.279687 0.350000 0.281250 0.348438 0.285938 0.348438 0.287500 0.346875 0.292187 0.346875 0.293750 0.345313 0.296875 0.345313 0.298438 0.343750 0.298438 0.342187 0.301563 0.339062 0.301563 0.337500 0.312500 0.326562 0.312500 0.325000 0.331250 0.306250
0 0.517188 0.289062 0.518750 0.289062 0.520312 0.290625 0.521875 0.290625 0.523438 0.292187 0.525000 0.292187 0.526563 0.293750 0.531250 0.293750 0.532813 0.292187 0.540625 0.292187 0.542188 0.290625 0.548438 0.290625 0.550000 0.289062 0.556250 0.289062 0.557813 0.287500 0.560937 0.287500 0.562500 0.285938 0.564063 0.285938 0.565625 0.284375 0.567187 0.284375 0.568750 0.282813 0.556250 0.270313 0.551562 0.270313 0.550000 0.268750 0.539062 0.268750 0.537500 0.267188 0.528125 0.267188 0.526563 0.268750 0.523438 0.268750 0.521875 0.270313 0.521875 0.271875 0.520312 0.273438 0.520312 0.275000 0.518750 0.276562 0.518750 0.278125 0.517188 0.279687
0 0.031250 0.231250 0.029687 0.231250 0.029687 0.239063 0.028125 0.240625 0.028125 0.256250 0.026562 0.257812 0.026562 0.273438 0.025000 0.275000 0.025000 0.290625 0.023438 0.292187 0.023438 0.307812 0.021875 0.309375 0.021875 0.325000 0.020313 0.326562 0.020313 0.340625 0.018750 0.342187 0.018750 0.357812 0.017188 0.359375 0.017188 0.375000 0.015625 0.376563 0.015625 0.392188 0.014063 0.393750 0.014063 0.409375 0.012500 0.410938 0.012500 0.426563 0.010937 0.428125 0.010937 0.435937 0.014063 0.435937 0.015625 0.434375 0.020313 0.434375 0.021875 0.432812 0.023438 0.432812 0.025000 0.431250 0.029687 0.429688 0.032813 0.426563 0.037500 0.425000 0.040625 0.421875 0.042188 0.421875 0.043750 0.420312 0.048438 0.418750 0.056250 0.410938 0.057813 0.410938 0.071875 0.396875 0.071875 0.395313 0.087500 0.379688 0.087500 0.378125 0.096875 0.368750 0.098437 0.368750 0.101562 0.365625 0.106250 0.364063 0.114062 0.357812 0.118750 0.356250 0.123438 0.351562 0.125000 0.351562 0.129688 0.346875 0.131250 0.346875 0.132812 0.345313 0.132812 0.343750 0.137500 0.335938 0.137500 0.332813 0.140625 0.328125 0.140625 0.320312 0.142187 0.318750 0.142187 0.307812 0.140625 0.306250 0.140625 0.301563 0.137500 0.298438 0.137500 0.296875 0.129688 0.289062 0.129688 0.287500 0.125000 0.282813 0.123438 0.282813 0.121875 0.281250 0.117188 0.279687 0.114062 0.276562 0.109375 0.275000 0.106250 0.271875 0.101562 0.270313 0.098437 0.267188 0.096875 0.267188 0.092188 0.264062 0.089063 0.264062 0.087500 0.262500 0.081250 0.262500 0.079687 0.260937 0.075000 0.260937 0.073438 0.259375 0.071875 0.259375 0.070312 0.257812 0.068750 0.257812 0.067187 0.256250 0.065625 0.256250 0.064062 0.254688 0.062500 0.254688 0.060937 0.253125 0.056250 0.251563 0.035937 0.232813 0.032813 0.232813
0 0.262500 0.185938 0.262500 0.187500 0.264062 0.189062 0.264062 0.193750 0.265625 0.195312 0.265625 0.200000 0.267188 0.201563 0.267188 0.204687 0.268750 0.206250 0.268750 0.210938 0.270313 0.212500 0.270313 0.214062 0.275000 0.218750 0.276562 0.218750 0.281250 0.223438 0.282813 0.223438 0.287500 0.226562 0.290625 0.226562 0.298438 0.231250 0.301563 0.231250 0.306250 0.234375 0.309375 0.234375 0.314063 0.237500 0.317188 0.237500 0.318750 0.239063 0.321875 0.239063 0.323437 0.240625 0.325000 0.240625 0.335938 0.250000 0.337500 0.250000 0.339062 0.251563 0.340625 0.251563 0.348438 0.256250 0.351562 0.256250 0.359375 0.260937 0.375000 0.260937 0.376563 0.262500 0.378125 0.262500 0.379688 0.264062 0.381250 0.264062 0.382812 0.265625 0.384375 0.265625 0.392188 0.270313 0.395313 0.270313 0.396875 0.271875 0.398438 0.271875 0.400000 0.273438 0.401562 0.273438 0.409375 0.278125 0.414062 0.278125 0.415625 0.279687 0.420312 0.279687 0.421875 0.281250 0.434375 0.281250 0.435937 0.282813 0.446875 0.282813 0.448437 0.284375 0.450000 0.284375 0.457813 0.289062 0.471875 0.284375 0.471875 0.282813 0.475000 0.278125 0.475000 0.275000 0.476562 0.273438 0.476562 0.270313 0.479687 0.265625 0.479687 0.259375 0.478125 0.257812 0.478125 0.253125 0.476562 0.251563 0.476562 0.246875 0.475000 0.245312 0.475000 0.240625 0.473438 0.239063 0.473438 0.235937 0.471875 0.234375 0.471875 0.232813 0.470313 0.231250 0.468750 0.226562 0.462500 0.220312 0.460938 0.220312 0.457813 0.217188 0.456250 0.217188 0.453125 0.214062 0.451562 0.214062 0.450000 0.212500 0.440625 0.212500 0.439063 0.210938 0.425000 0.210938 0.423438 0.209375 0.414062 0.209375 0.412500 0.207813 0.400000 0.207813 0.398438 0.206250 0.384375 0.206250 0.382812 0.204687 0.371875 0.204687 0.370312 0.203125 0.364063 0.203125 0.362500 0.201563 0.359375 0.201563 0.357812 0.200000 0.353125 0.200000 0.351562 0.198437 0.348438 0.198437 0.346875 0.196875 0.342187 0.196875 0.340625 0.195312 0.332813 0.195312 0.331250 0.193750 0.325000 0.193750 0.323437 0.192188 0.318750 0.192188 0.317188 0.190625 0.312500 0.190625 0.310937 0.189062 0.306250 0.189062 0.304688 0.187500 0.300000 0.187500 0.298438 0.185938 0.292187 0.185938 0.290625 0.184375 0.279687 0.184375 0.278125 0.182812 0.270313 0.182812 0.268750 0.184375 0.265625 0.184375 0.264062 0.185938
0 0.560937 0.179688 0.550000 0.168750 0.548438 0.168750 0.540625 0.160938 0.539062 0.160938 0.534375 0.156250 0.526563 0.156250 0.525000 0.154688 0.510938 0.154688 0.509375 0.156250 0.496875 0.156250 0.495312 0.157812 0.489063 0.157812 0.487500 0.159375 0.485938 0.159375 0.484375 0.160938 0.482812 0.160938 0.481250 0.162500 0.479687 0.162500 0.478125 0.164062 0.476562 0.164062 0.475000 0.165625 0.473438 0.165625 0.471875 0.167187 0.468750 0.167187 0.467187 0.168750 0.465625 0.168750 0.464062 0.170313 0.462500 0.170313 0.460938 0.171875 0.459375 0.171875 0.456250 0.175000 0.454688 0.175000 0.453125 0.176563 0.451562 0.176563 0.450000 0.178125 0.448437 0.178125 0.446875 0.179688 0.445312 0.179688 0.443750 0.181250 0.442188 0.181250 0.440625 0.182812 0.439063 0.182812 0.437500 0.184375 0.439063 0.185938 0.440625 0.185938 0.443750 0.189062 0.445312 0.189062 0.446875 0.190625 0.448437 0.190625 0.451562 0.193750 0.453125 0.193750 0.460938 0.201563 0.462500 0.201563 0.464062 0.200000 0.467187 0.200000 0.468750 0.198437 0.481250 0.198437 0.482812 0.200000 0.503125 0.200000 0.504687 0.201563 0.523438 0.201563 0.525000 0.203125 0.534375 0.203125 0.535937 0.201563 0.537500 0.201563 0.539062 0.200000 0.540625 0.200000 0.542188 0.198437 0.543750 0.198437 0.545312 0.196875 0.546875 0.196875 0.548438 0.195312 0.550000 0.195312 0.551562 0.193750 0.553125 0.193750 0.557813 0.189062 0.557813 0.187500 0.560937 0.184375
0 0.284375 0.170313 0.285938 0.171875 0.285938 0.173437 0.287500 0.175000 0.289062 0.175000 0.290625 0.176563 0.293750 0.176563 0.295312 0.178125 0.304688 0.178125 0.306250 0.176563 0.314063 0.176563 0.323437 0.167187 0.325000 0.167187 0.329688 0.162500 0.331250 0.162500 0.337500 0.156250 0.339062 0.156250 0.342187 0.153125 0.339062 0.150000 0.337500 0.150000 0.334375 0.146875 0.323437 0.146875 0.321875 0.145313 0.310937 0.145313 0.309375 0.143750 0.304688 0.143750 0.303125 0.145313 0.301563 0.145313 0.296875 0.150000 0.295312 0.150000 0.292187 0.153125 0.290625 0.153125 0.287500 0.156250 0.287500 0.157812 0.285938 0.159375 0.285938 0.164062 0.284375 0.165625
0 0.356250 0.134375 0.356250 0.139063 0.357812 0.140625 0.357812 0.145313 0.359375 0.146875 0.360938 0.146875 0.364063 0.150000 0.365625 0.150000 0.368750 0.153125 0.370312 0.153125 0.373437 0.156250 0.375000 0.156250 0.376563 0.157812 0.378125 0.157812 0.379688 0.159375 0.384375 0.159375 0.385937 0.160938 0.390625 0.160938 0.392188 0.162500 0.396875 0.162500 0.398438 0.164062 0.401562 0.164062 0.403125 0.165625 0.407813 0.165625 0.409375 0.167187 0.417187 0.167187 0.418750 0.168750 0.432812 0.168750 0.434375 0.167187 0.440625 0.167187 0.442188 0.165625 0.443750 0.165625 0.445312 0.164062 0.446875 0.164062 0.448437 0.162500 0.448437 0.159375 0.450000 0.157812 0.450000 0.153125 0.448437 0.153125 0.446875 0.151562 0.443750 0.151562 0.442188 0.150000 0.439063 0.150000 0.437500 0.148438 0.434375 0.148438 0.432812 0.146875 0.428125 0.146875 0.426563 0.145313 0.421875 0.145313 0.420312 0.143750 0.415625 0.143750 0.414062 0.142187 0.404687 0.142187 0.403125 0.140625 0.385937 0.140625 0.384375 0.139063 0.370312 0.139063 0.368750 0.137500 0.362500 0.137500 0.360938 0.135937 0.359375 0.135937 0.357812 0.134375
0 0.137500 0.151562 0.139063 0.153125 0.139063 0.154688 0.142187 0.157812 0.142187 0.159375 0.145313 0.162500 0.145313 0.164062 0.148438 0.167187 0.148438 0.168750 0.151562 0.171875 0.151562 0.173437 0.157812 0.179688 0.157812 0.181250 0.164062 0.187500 0.168750 0.187500 0.170313 0.185938 0.175000 0.185938 0.176563 0.184375 0.178125 0.184375 0.179688 0.182812 0.181250 0.182812 0.182812 0.181250 0.184375 0.181250 0.185938 0.179688 0.190625 0.179688 0.192188 0.178125 0.196875 0.178125 0.198437 0.176563 0.201563 0.176563 0.203125 0.175000 0.204687 0.175000 0.209375 0.170313 0.210938 0.170313 0.215625 0.165625 0.217188 0.165625 0.221875 0.160938 0.223438 0.160938 0.225000 0.159375 0.226562 0.159375 0.228125 0.157812 0.229687 0.157812 0.231250 0.156250 0.232813 0.156250 0.234375 0.154688 0.235937 0.154688 0.235937 0.153125 0.237500 0.151562 0.237500 0.150000 0.239063 0.148438 0.239063 0.146875 0.235937 0.143750 0.235937 0.142187 0.229687 0.135937 0.229687 0.134375 0.226562 0.131250 0.223438 0.131250 0.221875 0.129688 0.217188 0.129688 0.215625 0.128125 0.206250 0.128125 0.204687 0.126562 0.190625 0.126562 0.189062 0.125000 0.165625 0.125000 0.164062 0.123438 0.153125 0.123438 0.151562 0.125000 0.146875 0.125000 0.146875 0.126562 0.145313 0.128125 0.145313 0.131250 0.143750 0.132812 0.143750 0.135937 0.142187 0.137500 0.142187 0.139063 0.140625 0.140625 0.140625 0.143750 0.139063 0.145313 0.139063 0.148438 0.137500 0.150000
0 0.282813 0.112500 0.284375 0.114062 0.284375 0.115625 0.287500 0.118750 0.287500 0.120313 0.292187 0.125000 0.292187 0.126562 0.293750 0.128125 0.300000 0.121875 0.301563 0.121875 0.306250 0.117188 0.312500 0.117188 0.314063 0.118750 0.326562 0.118750 0.328125 0.120313 0.340625 0.120313 0.342187 0.121875 0.356250 0.121875 0.357812 0.123438 0.368750 0.123438 0.370312 0.125000 0.378125 0.125000 0.379688 0.126562 0.387500 0.126562 0.389062 0.128125 0.393750 0.128125 0.395313 0.129688 0.400000 0.129688 0.401562 0.131250 0.406250 0.131250 0.407813 0.132812 0.412500 0.132812 0.414062 0.134375 0.418750 0.134375 0.420312 0.135937 0.431250 0.135937 0.432812 0.137500 0.442188 0.137500 0.443750 0.135937 0.443750 0.134375 0.445312 0.132812 0.445312 0.131250 0.446875 0.129688 0.445312 0.128125 0.445312 0.126562 0.443750 0.125000 0.443750 0.123438 0.442188 0.121875 0.442188 0.120313 0.435937 0.114062 0.434375 0.114062 0.428125 0.107813 0.421875 0.107813 0.420312 0.106250 0.409375 0.106250 0.407813 0.104688 0.398438 0.104688 0.396875 0.103125 0.392188 0.103125 0.390625 0.101562 0.385937 0.101562 0.384375 0.100000 0.382812 0.100000 0.381250 0.098437 0.379688 0.098437 0.376563 0.095312 0.376563 0.093750 0.373437 0.090625 0.373437 0.089063 0.370312 0.085938 0.370312 0.084375 0.368750 0.082812 0.367188 0.082812 0.354687 0.070312 0.353125 0.070312 0.351562 0.068750 0.346875 0.068750 0.345313 0.067187 0.342187 0.067187 0.340625 0.065625 0.335938 0.065625 0.334375 0.064062 0.323437 0.064062 0.321875 0.062500 0.314063 0.062500 0.309375 0.067187 0.307812 0.067187 0.303125 0.071875 0.304688 0.073438 0.304688 0.075000 0.309375 0.079687 0.309375 0.081250 0.310937 0.082812 0.309375 0.084375 0.309375 0.085938 0.306250 0.089063 0.306250 0.090625 0.304688 0.092188 0.304688 0.093750 0.301563 0.096875 0.301563 0.098437 0.298438 0.101562 0.298438 0.103125 0.295312 0.106250 0.293750 0.106250 0.292187 0.107813 0.290625 0.107813 0.289062 0.109375 0.287500 0.109375 0.285938 0.110937 0.284375 0.110937
