0 0.421875 0.984375 0.420312 0.982812 0.420312 0.978125 0.418750 0.976562 0.418750 0.971875 0.417187 0.970313 0.417187 0.965625 0.415625 0.964063 0.415625 0.959375 0.414062 0.957812 0.414062 0.956250 0.412500 0.954688 0.412500 0.953125 0.409375 0.948438 0.409375 0.945312 0.407813 0.943750 0.407813 0.942187 0.406250 0.940625 0.406250 0.939063 0.404687 0.937500 0.404687 0.935937 0.403125 0.934375 0.401562 0.929688 0.398438 0.926562 0.398438 0.925000 0.392188 0.918750 0.392188 0.917188 0.387500 0.912500 0.387500 0.910937 0.381250 0.904687 0.381250 0.903125 0.378125 0.900000 0.378125 0.898438 0.376563 0.896875 0.376563 0.895312 0.375000 0.893750 0.375000 0.892188 0.373437 0.890625 0.373437 0.889062 0.371875 0.887500 0.371875 0.885938 0.370312 0.884375 0.370312 0.882812 0.368750 0.881250 0.367188 0.876563 0.345313 0.857812 0.343750 0.857812 0.342187 0.859375 0.337500 0.859375 0.335938 0.860938 0.331250 0.860938 0.329688 0.862500 0.325000 0.862500 0.323437 0.864062 0.318750 0.864062 0.317188 0.865625 0.315625 0.865625 0.312500 0.868750 0.312500 0.870313 0.307812 0.875000 0.307812 0.876563 0.303125 0.881250 0.303125 0.882812 0.293750 0.893750 0.293750 0.895312 0.292187 0.896875 0.292187 0.898438 0.290625 0.900000 0.290625 0.901563 0.289062 0.903125 0.289062 0.904687 0.287500 0.906250 0.287500 0.907813 0.285938 0.909375 0.285938 0.910937 0.284375 0.912500 0.284375 0.914062 0.282813 0.915625 0.282813 0.917188 0.281250 0.918750 0.281250 0.920312 0.279687 0.921875 0.279687 0.923438 0.278125 0.925000 0.278125 0.926562 0.276562 0.928125 0.276562 0.929688 0.275000 0.931250 0.275000 0.932813 0.273438 0.934375 0.273438 0.935937 0.271875 0.937500 0.271875 0.939063 0.270313 0.940625 0.270313 0.942187 0.268750 0.943750 0.268750 0.945312 0.267188 0.946875 0.267188 0.948438 0.265625 0.950000 0.264062 0.954688 0.260937 0.957812 0.260937 0.959375 0.259375 0.960938 0.259375 0.962500 0.257812 0.964063 0.257812 0.965625 0.256250 0.967187 0.256250 0.968750 0.254688 0.970313 0.254688 0.971875 0.253125 0.973437 0.253125 0.975000 0.251563 0.976562 0.251563 0.978125 0.248438 0.982812 0.248438 0.984375 0.250000 0.985938 0.250000 0.987500 0.251563 0.989062 0.251563 0.990625 0.254688 0.995313 0.295312 0.995313 0.296875 0.996875 0.378125 0.996875 0.379688 0.998437 0.420312 0.998437 0.420312 0.993750 0.421875 0.992188
0 0.890625 0.751563 0.890625 0.753125 0.889062 0.754687 0.889062 0.757812 0.887500 0.759375 0.887500 0.762500 0.885938 0.764062 0.885938 0.770312 0.884375 0.771875 0.884375 0.842187 0.885938 0.843750 0.885938 0.864062 0.887500 0.865625 0.887500 0.887500 0.889062 0.889062 0.889062 0.945312 0.890625 0.946875 0.890625 0.951562 0.892188 0.953125 0.892188 0.957812 0.893750 0.959375 0.893750 0.964063 0.895312 0.965625 0.895312 0.968750 0.896875 0.970313 0.896875 0.975000 0.898438 0.976562 0.898438 0.981250 0.907813 0.998437 0.975000 0.998437 0.976562 0.996875 0.998437 0.996875 0.998437 0.912500 0.996875 0.910937 0.996875 0.906250 0.989062 0.896875 0.989062 0.895312 0.984375 0.890625 0.984375 0.889062 0.982812 0.887500 0.982812 0.885938 0.981250 0.884375 0.981250 0.882812 0.979688 0.881250 0.973437 0.867188 0.950000 0.839063 0.950000 0.837500 0.948438 0.835938 0.948438 0.834375 0.935937 0.810937 0.935937 0.807813 0.932813 0.803125 0.932813 0.800000 0.929688 0.795312 0.929688 0.792188 0.928125 0.790625 0.925000 0.782813 0.921875 0.779687 0.921875 0.778125 0.918750 0.775000 0.918750 0.773438 0.915625 0.770312 0.915625 0.768750 0.912500 0.765625 0.912500 0.764062 0.909375 0.760938 0.907813 0.760938
0 0.414062 0.593750 0.409375 0.607812 0.409375 0.612500 0.407813 0.614062 0.409375 0.659375 0.410938 0.660937 0.412500 0.681250 0.426563 0.707812 0.454688 0.742188 0.476562 0.746875 0.478125 0.748437 0.510938 0.748437 0.534375 0.764062 0.560937 0.785937 0.593750 0.784375 0.621875 0.775000 0.639062 0.787500 0.659375 0.795312 0.693750 0.776563 0.715625 0.742188 0.715625 0.737500 0.717187 0.735938 0.717187 0.731250 0.718750 0.729688 0.718750 0.725000 0.723437 0.710938 0.723437 0.703125 0.721875 0.701562 0.721875 0.690625 0.720313 0.689063 0.720313 0.678125 0.718750 0.676562 0.715625 0.640625 0.714063 0.639062 0.714063 0.629687 0.712500 0.628125 0.712500 0.620313 0.709375 0.610938 0.709375 0.603125 0.707812 0.601562 0.707812 0.596875 0.700000 0.582812 0.700000 0.579688 0.687500 0.556250 0.671875 0.537500 0.667188 0.535937 0.659375 0.529687 0.648438 0.525000 0.643750 0.525000 0.642188 0.523438 0.637500 0.523438 0.635938 0.521875 0.631250 0.521875 0.617188 0.517188 0.601562 0.517188 0.600000 0.518750 0.587500 0.518750 0.585938 0.520312 0.581250 0.520312 0.575000 0.523438 0.570312 0.523438 0.551562 0.529687 0.545312 0.529687 0.543750 0.531250 0.537500 0.531250 0.535937 0.532813 0.528125 0.532813 0.526563 0.534375 0.506250 0.537500 0.462500 0.553125 0.431250 0.581250
0 0.696875 0.487500 0.701562 0.492188 0.703125 0.492188 0.709375 0.498437 0.709375 0.500000 0.710938 0.501563 0.710938 0.503125 0.714063 0.506250 0.714063 0.507812 0.723437 0.517188 0.725000 0.517188 0.732812 0.525000 0.734375 0.525000 0.735938 0.526563 0.737500 0.526563 0.739062 0.528125 0.740625 0.528125 0.742188 0.529687 0.745313 0.529687 0.746875 0.531250 0.748437 0.531250 0.750000 0.532813 0.751563 0.532813 0.753125 0.534375 0.768750 0.534375 0.773438 0.529687 0.773438 0.528125 0.776563 0.525000 0.776563 0.523438 0.775000 0.521875 0.775000 0.517188 0.773438 0.515625 0.773438 0.510938 0.771875 0.509375 0.771875 0.507812 0.768750 0.504687 0.767188 0.504687 0.762500 0.500000 0.760938 0.500000 0.745313 0.484375 0.743750 0.484375 0.740625 0.481250 0.739062 0.481250 0.737500 0.479687 0.735938 0.479687 0.734375 0.478125 0.732812 0.478125 0.731250 0.476562 0.728125 0.476562 0.726562 0.475000 0.725000 0.475000 0.723437 0.473438 0.717187 0.473438 0.715625 0.471875 0.710938 0.471875 0.704688 0.478125 0.704688 0.479687
0 0.857812 0.460938 0.856250 0.462500 0.856250 0.464062 0.854688 0.465625 0.854688 0.467187 0.853125 0.468750 0.853125 0.470313 0.851562 0.471875 0.850000 0.476562 0.843750 0.482812 0.843750 0.484375 0.839063 0.489063 0.839063 0.492188 0.837500 0.493750 0.837500 0.498437 0.835938 0.500000 0.835938 0.506250 0.834375 0.507812 0.834375 0.512500 0.832812 0.514062 0.832812 0.517188 0.834375 0.518750 0.835938 0.523438 0.839063 0.526563 0.840625 0.531250 0.846875 0.539062 0.848437 0.543750 0.851562 0.546875 0.851562 0.548438 0.853125 0.550000 0.853125 0.551562 0.857812 0.559375 0.857812 0.562500 0.859375 0.564063 0.859375 0.565625 0.860938 0.567187 0.862500 0.571875 0.867188 0.576562 0.867188 0.578125 0.870313 0.581250 0.870313 0.582812 0.873437 0.585938 0.873437 0.587500 0.878125 0.592187 0.878125 0.593750 0.882812 0.598437 0.884375 0.598437 0.889062 0.603125 0.890625 0.603125 0.896875 0.609375 0.896875 0.610938 0.901563 0.615625 0.903125 0.615625 0.904687 0.617188 0.907813 0.617188 0.912500 0.620313 0.915625 0.620313 0.917188 0.621875 0.920312 0.621875 0.921875 0.623437 0.925000 0.623437 0.926562 0.625000 0.928125 0.625000 0.929688 0.626563 0.932813 0.626563 0.934375 0.628125 0.935937 0.628125 0.937500 0.626563 0.937500 0.625000 0.940625 0.621875 0.940625 0.620313 0.943750 0.617188 0.943750 0.615625 0.946875 0.612500 0.946875 0.610938 0.950000 0.607812 0.950000 0.606250 0.953125 0.603125 0.953125 0.601562 0.954688 0.600000 0.960938 0.600000 0.962500 0.601562 0.979688 0.601562 0.981250 0.603125 0.992188 0.603125 0.992188 0.601562 0.995313 0.596875 0.995313 0.587500 0.996875 0.585938 0.996875 0.571875 0.998437 0.570312 0.998437 0.553125 0.996875 0.551562 0.996875 0.542188 0.993750 0.537500 0.993750 0.534375 0.992188 0.532813 0.992188 0.531250 0.990625 0.529687 0.989062 0.525000 0.973437 0.509375 0.973437 0.507812 0.968750 0.503125 0.968750 0.501563 0.964063 0.496875 0.964063 0.495312 0.957812 0.489063 0.957812 0.487500 0.950000 0.479687 0.948438 0.479687 0.943750 0.475000 0.942187 0.475000 0.937500 0.470313 0.935937 0.470313 0.932813 0.467187 0.931250 0.467187 0.929688 0.465625 0.925000 0.465625 0.923438 0.464062 0.920312 0.464062 0.918750 0.462500 0.914062 0.462500 0.912500 0.460938 0.909375 0.460938 0.907813 0.459375 0.903125 0.459375 0.901563 0.457813 0.896875 0.457813 0.895312 0.456250 0.890625 0.456250 0.889062 0.454688 0.878125 0.454688 0.876563 0.456250 0.867188 0.456250 0.865625 0.457813 0.864062 0.457813 0.862500 0.459375
0 0.504687 0.382812 0.504687 0.396875 0.506250 0.398438 0.506250 0.401562 0.507812 0.403125 0.507812 0.404687 0.509375 0.406250 0.509375 0.407813 0.512500 0.410938 0.514062 0.410938 0.517188 0.414062 0.528125 0.414062 0.529687 0.415625 0.548438 0.415625 0.550000 0.414062 0.557813 0.414062 0.560937 0.410938 0.562500 0.410938 0.564063 0.409375 0.564063 0.393750 0.557813 0.387500 0.556250 0.387500 0.550000 0.381250 0.546875 0.381250 0.545312 0.379688 0.540625 0.379688 0.539062 0.378125 0.529687 0.378125 0.528125 0.376563 0.514062 0.376563 0.512500 0.378125 0.510938 0.378125 0.507812 0.381250 0.506250 0.381250
0 0.390625 0.390625 0.390625 0.398438 0.392188 0.400000 0.392188 0.409375 0.393750 0.410938 0.393750 0.412500 0.395313 0.412500 0.396875 0.414062 0.400000 0.414062 0.401562 0.415625 0.404687 0.415625 0.406250 0.417187 0.409375 0.417187 0.410938 0.418750 0.414062 0.418750 0.415625 0.420312 0.418750 0.420312 0.420312 0.421875 0.423438 0.421875 0.425000 0.423438 0.428125 0.423438 0.429688 0.425000 0.456250 0.425000 0.462500 0.418750 0.462500 0.417187 0.467187 0.412500 0.467187 0.392188 0.465625 0.390625 0.465625 0.389062 0.460938 0.384375 0.460938 0.382812 0.459375 0.381250 0.457813 0.381250 0.456250 0.379688 0.451562 0.379688 0.450000 0.378125 0.446875 0.378125 0.445312 0.376563 0.432812 0.376563 0.431250 0.378125 0.421875 0.378125 0.420312 0.376563 0.418750 0.376563 0.417187 0.375000 0.415625 0.375000 0.414062 0.376563 0.410938 0.376563 0.409375 0.378125 0.406250 0.378125 0.404687 0.379688 0.403125 0.379688 0.398438 0.384375 0.396875 0.384375
0 0.818750 0.367188 0.818750 0.370312 0.820312 0.371875 0.820312 0.378125 0.821875 0.379688 0.821875 0.382812 0.826562 0.387500 0.828125 0.387500 0.832812 0.392188 0.834375 0.392188 0.835938 0.393750 0.837500 0.393750 0.840625 0.396875 0.842187 0.396875 0.843750 0.398438 0.845313 0.398438 0.846875 0.400000 0.848437 0.400000 0.850000 0.401562 0.851562 0.401562 0.853125 0.403125 0.856250 0.403125 0.857812 0.404687 0.860938 0.404687 0.862500 0.406250 0.865625 0.406250 0.867188 0.407813 0.868750 0.407813 0.870313 0.406250 0.871875 0.406250 0.875000 0.403125 0.876563 0.403125 0.879687 0.400000 0.881250 0.400000 0.882812 0.398438 0.882812 0.392188 0.881250 0.390625 0.881250 0.385937 0.876563 0.381250 0.876563 0.379688 0.860938 0.364063 0.856250 0.364063 0.854688 0.362500 0.846875 0.362500 0.845313 0.360938 0.839063 0.360938 0.837500 0.359375 0.835938 0.359375 0.834375 0.360938 0.832812 0.360938 0.831250 0.362500 0.828125 0.362500 0.826562 0.364063 0.825000 0.364063 0.823438 0.365625 0.821875 0.365625 0.820312 0.367188
0 0.923438 0.334375 0.923438 0.335938 0.921875 0.337500 0.921875 0.339062 0.920312 0.340625 0.920312 0.342187 0.923438 0.345313 0.923438 0.346875 0.928125 0.351562 0.928125 0.353125 0.931250 0.356250 0.932813 0.356250 0.934375 0.357812 0.935937 0.357812 0.937500 0.359375 0.940625 0.359375 0.942187 0.360938 0.943750 0.360938 0.945312 0.362500 0.948438 0.362500 0.950000 0.364063 0.951562 0.364063 0.953125 0.365625 0.956250 0.365625 0.957812 0.367188 0.959375 0.367188 0.960938 0.368750 0.962500 0.368750 0.964063 0.370312 0.965625 0.370312 0.967187 0.371875 0.968750 0.371875 0.970313 0.373437 0.971875 0.373437 0.975000 0.376563 0.976562 0.376563 0.978125 0.378125 0.979688 0.378125 0.981250 0.379688 0.982812 0.379688 0.984375 0.381250 0.985938 0.381250 0.987500 0.382812 0.989062 0.381250 0.990625 0.381250 0.992188 0.379688 0.993750 0.379688 0.995313 0.378125 0.995313 0.371875 0.996875 0.370312 0.996875 0.362500 0.995313 0.360938 0.995313 0.359375 0.993750 0.357812 0.993750 0.356250 0.990625 0.353125 0.990625 0.351562 0.989062 0.350000 0.989062 0.348438 0.984375 0.343750 0.982812 0.343750 0.978125 0.339062 0.976562 0.339062 0.975000 0.337500 0.973437 0.337500 0.971875 0.335938 0.968750 0.335938 0.967187 0.334375 0.965625 0.334375 0.964063 0.332813 0.960938 0.332813 0.959375 0.331250 0.957812 0.331250 0.956250 0.329688 0.954688 0.329688 0.953125 0.328125 0.946875 0.328125 0.945312 0.329688 0.937500 0.329688 0.935937 0.331250 0.929688 0.331250 0.928125 0.332813 0.925000 0.332813
0 0.710938 0.332813 0.710938 0.334375 0.712500 0.335938 0.712500 0.337500 0.714063 0.339062 0.714063 0.342187 0.715625 0.343750 0.715625 0.345313 0.717187 0.346875 0.717187 0.348438 0.720313 0.351562 0.721875 0.351562 0.728125 0.357812 0.729688 0.357812 0.732812 0.360938 0.743750 0.360938 0.745313 0.362500 0.757812 0.362500 0.765625 0.354687 0.765625 0.353125 0.773438 0.345313 0.773438 0.343750 0.771875 0.342187 0.771875 0.340625 0.770312 0.339062 0.770312 0.337500 0.768750 0.335938 0.768750 0.334375 0.767188 0.334375 0.765625 0.332813 0.764062 0.332813 0.762500 0.331250 0.760938 0.331250 0.759375 0.329688 0.757812 0.329688 0.756250 0.328125 0.754687 0.328125 0.753125 0.326562 0.748437 0.326562 0.746875 0.325000 0.718750 0.325000
0 0.468750 0.307812 0.468750 0.309375 0.470313 0.310937 0.470313 0.314063 0.471875 0.315625 0.471875 0.318750 0.473438 0.320312 0.473438 0.321875 0.478125 0.326562 0.479687 0.326562 0.485938 0.332813 0.487500 0.332813 0.489063 0.334375 0.490625 0.334375 0.492188 0.335938 0.493750 0.335938 0.495312 0.337500 0.496875 0.337500 0.498437 0.339062 0.500000 0.339062 0.501563 0.340625 0.503125 0.340625 0.504687 0.342187 0.521875 0.342187 0.523438 0.340625 0.525000 0.340625 0.526563 0.339062 0.528125 0.339062 0.529687 0.337500 0.531250 0.337500 0.532813 0.335938 0.534375 0.335938 0.534375 0.334375 0.532813 0.332813 0.532813 0.331250 0.531250 0.329688 0.531250 0.328125 0.529687 0.326562 0.529687 0.325000 0.528125 0.323437 0.528125 0.321875 0.526563 0.320312 0.526563 0.318750 0.525000 0.317188 0.523438 0.317188 0.521875 0.315625 0.520312 0.315625 0.518750 0.314063 0.517188 0.314063 0.515625 0.312500 0.514062 0.312500 0.512500 0.310937 0.504687 0.310937 0.503125 0.309375 0.490625 0.309375 0.489063 0.307812
0 0.307812 0.314063 0.306250 0.312500 0.306250 0.310937 0.304688 0.309375 0.304688 0.307812 0.301563 0.304688 0.301563 0.303125 0.300000 0.301563 0.296875 0.301563 0.295312 0.300000 0.276562 0.300000 0.275000 0.301563 0.270313 0.301563 0.268750 0.303125 0.264062 0.303125 0.262500 0.304688 0.232813 0.304688 0.231250 0.306250 0.228125 0.306250 0.226562 0.307812 0.221875 0.307812 0.220312 0.309375 0.217188 0.309375 0.215625 0.310937 0.212500 0.310937 0.210938 0.312500 0.207813 0.312500 0.206250 0.314063 0.204687 0.314063 0.203125 0.315625 0.201563 0.315625 0.200000 0.317188 0.198437 0.317188 0.175000 0.340625 0.175000 0.342187 0.173437 0.343750 0.173437 0.348438 0.171875 0.350000 0.171875 0.354687 0.170313 0.356250 0.170313 0.359375 0.171875 0.359375 0.173437 0.360938 0.178125 0.360938 0.179688 0.362500 0.182812 0.362500 0.184375 0.364063 0.187500 0.364063 0.189062 0.365625 0.193750 0.365625 0.195312 0.367188 0.203125 0.367188 0.204687 0.368750 0.215625 0.368750 0.217188 0.370312 0.229687 0.370312 0.231250 0.371875 0.239063 0.371875 0.240625 0.370312 0.243750 0.370312 0.245312 0.368750 0.248438 0.368750 0.250000 0.367188 0.253125 0.367188 0.254688 0.365625 0.259375 0.365625 0.260937 0.364063 0.264062 0.364063 0.265625 0.362500 0.268750 0.362500 0.270313 0.360938 0.273438 0.360938 0.275000 0.359375 0.276562 0.359375 0.278125 0.357812 0.278125 0.356250 0.281250 0.353125 0.281250 0.351562 0.284375 0.348438 0.284375 0.346875 0.287500 0.343750 0.287500 0.342187 0.292187 0.337500 0.292187 0.335938 0.295312 0.332813 0.295312 0.331250 0.301563 0.325000 0.301563 0.323437 0.306250 0.318750 0.306250 0.317188 0.307812 0.315625
0 0.601562 0.296875 0.601562 0.309375 0.603125 0.310937 0.603125 0.325000 0.604688 0.326562 0.604688 0.331250 0.606250 0.332813 0.606250 0.334375 0.609375 0.337500 0.609375 0.339062 0.614062 0.343750 0.614062 0.345313 0.617188 0.348438 0.620313 0.348438 0.621875 0.350000 0.629687 0.350000 0.631250 0.351562 0.635938 0.351562 0.640625 0.356250 0.643750 0.353125 0.645312 0.353125 0.653125 0.345313 0.654687 0.345313 0.657813 0.342187 0.657813 0.339062 0.656250 0.337500 0.656250 0.332813 0.654687 0.331250 0.654687 0.329688 0.653125 0.328125 0.653125 0.326562 0.651563 0.325000 0.651563 0.323437 0.648438 0.320312 0.648438 0.318750 0.646875 0.317188 0.646875 0.315625 0.645312 0.314063 0.645312 0.312500 0.643750 0.310937 0.643750 0.307812 0.642188 0.306250 0.642188 0.304688 0.640625 0.303125 0.640625 0.300000 0.639062 0.298438 0.639062 0.296875 0.629687 0.296875 0.628125 0.295312 0.610938 0.295312 0.609375 0.296875
0 0.709375 0.284375 0.710938 0.285938 0.710938 0.287500 0.712500 0.289062 0.712500 0.290625 0.714063 0.292187 0.714063 0.293750 0.715625 0.295312 0.717187 0.295312 0.718750 0.296875 0.720313 0.296875 0.721875 0.298438 0.723437 0.298438 0.725000 0.300000 0.729688 0.300000 0.731250 0.301563 0.739062 0.301563 0.740625 0.303125 0.748437 0.303125 0.750000 0.301563 0.756250 0.301563 0.756250 0.298438 0.754687 0.296875 0.754687 0.292187 0.753125 0.290625 0.753125 0.289062 0.751563 0.287500 0.750000 0.287500 0.748437 0.285938 0.746875 0.285938 0.743750 0.282813 0.742188 0.282813 0.740625 0.281250 0.739062 0.281250 0.737500 0.279687 0.732812 0.279687 0.731250 0.278125 0.717187 0.278125 0.714063 0.281250 0.712500 0.281250
0 0.000000 0.271875 0.000000 0.362500 0.001563 0.364063 0.001563 0.415625 0.003125 0.417187 0.003125 0.475000 0.004687 0.475000 0.006250 0.473438 0.009375 0.473438 0.010937 0.471875 0.015625 0.470313 0.018750 0.467187 0.020313 0.467187 0.025000 0.462500 0.026562 0.462500 0.034375 0.454688 0.035937 0.454688 0.045312 0.445312 0.046875 0.445312 0.056250 0.435937 0.056250 0.434375 0.064062 0.426563 0.064062 0.425000 0.070312 0.418750 0.070312 0.417187 0.075000 0.412500 0.075000 0.410938 0.079687 0.406250 0.079687 0.404687 0.085938 0.398438 0.087500 0.398438 0.096875 0.389062 0.098437 0.389062 0.107813 0.379688 0.109375 0.379688 0.114062 0.375000 0.114062 0.373437 0.118750 0.365625 0.118750 0.362500 0.121875 0.357812 0.121875 0.335938 0.120313 0.334375 0.120313 0.331250 0.103125 0.315625 0.101562 0.315625 0.100000 0.314063 0.098437 0.314063 0.096875 0.312500 0.095312 0.312500 0.093750 0.310937 0.092188 0.310937 0.090625 0.309375 0.085938 0.307812 0.082812 0.304688 0.081250 0.304688 0.079687 0.303125 0.078125 0.303125 0.076563 0.301563 0.075000 0.301563 0.067187 0.296875 0.050000 0.296875 0.042188 0.292187 0.039062 0.292187 0.037500 0.290625 0.035937 0.290625 0.034375 0.289062 0.032813 0.289062 0.031250 0.287500 0.026562 0.285938 0.012500 0.275000 0.010937 0.275000 0.009375 0.273438 0.004687 0.273438 0.003125 0.271875
0 0.487500 0.278125 0.489063 0.279687 0.489063 0.282813 0.490625 0.282813 0.492188 0.284375 0.493750 0.284375 0.495312 0.285938 0.496875 0.285938 0.498437 0.287500 0.501563 0.287500 0.503125 0.285938 0.504687 0.285938 0.506250 0.284375 0.509375 0.284375 0.510938 0.282813 0.515625 0.282813 0.517188 0.281250 0.521875 0.281250 0.523438 0.279687 0.528125 0.279687 0.529687 0.278125 0.531250 0.278125 0.532813 0.276562 0.534375 0.276562 0.535937 0.275000 0.537500 0.275000 0.539062 0.273438 0.526563 0.260937 0.498437 0.260937 0.496875 0.262500 0.493750 0.262500 0.492188 0.264062 0.492188 0.265625 0.490625 0.267188 0.490625 0.268750 0.489063 0.270313 0.489063 0.271875 0.487500 0.273438
0 0.228125 0.206250 0.228125 0.207813 0.231250 0.212500 0.231250 0.215625 0.235937 0.223438 0.235937 0.226562 0.237500 0.228125 0.239063 0.232813 0.240625 0.234375 0.242188 0.234375 0.246875 0.239063 0.248438 0.239063 0.253125 0.242188 0.256250 0.242188 0.257812 0.243750 0.262500 0.243750 0.264062 0.245312 0.267188 0.245312 0.268750 0.246875 0.271875 0.246875 0.273438 0.248438 0.278125 0.248438 0.279687 0.250000 0.282813 0.250000 0.284375 0.251563 0.287500 0.251563 0.289062 0.253125 0.292187 0.253125 0.293750 0.254688 0.295312 0.254688 0.296875 0.256250 0.298438 0.256250 0.300000 0.257812 0.301563 0.257812 0.309375 0.262500 0.312500 0.262500 0.314063 0.264062 0.317188 0.264062 0.321875 0.267188 0.325000 0.267188 0.326562 0.268750 0.329688 0.268750 0.331250 0.270313 0.346875 0.270313 0.348438 0.271875 0.351562 0.271875 0.353125 0.273438 0.356250 0.273438 0.357812 0.275000 0.360938 0.275000 0.362500 0.276562 0.365625 0.276562 0.367188 0.278125 0.370312 0.278125 0.371875 0.279687 0.375000 0.279687 0.376563 0.281250 0.379688 0.281250 0.381250 0.282813 0.389062 0.282813 0.390625 0.284375 0.420312 0.284375 0.421875 0.285938 0.423438 0.285938 0.425000 0.287500 0.428125 0.287500 0.429688 0.289062 0.431250 0.289062 0.432812 0.287500 0.434375 0.287500 0.435937 0.285938 0.437500 0.285938 0.439063 0.284375 0.443750 0.282813 0.443750 0.281250 0.445312 0.279687 0.445312 0.276562 0.446875 0.275000 0.446875 0.270313 0.448437 0.268750 0.448437 0.265625 0.450000 0.264062 0.450000 0.260937 0.448437 0.259375 0.448437 0.257812 0.446875 0.256250 0.446875 0.253125 0.445312 0.251563 0.445312 0.246875 0.443750 0.245312 0.443750 0.239063 0.442188 0.237500 0.442188 0.234375 0.439063 0.231250 0.439063 0.229687 0.434375 0.225000 0.432812 0.225000 0.429688 0.221875 0.428125 0.221875 0.425000 0.218750 0.423438 0.218750 0.420312 0.215625 0.418750 0.215625 0.417187 0.214062 0.345313 0.214062 0.343750 0.212500 0.328125 0.212500 0.326562 0.210938 0.317188 0.210938 0.315625 0.209375 0.303125 0.209375 0.301563 0.207813 0.290625 0.207813 0.289062 0.206250 0.281250 0.206250 0.279687 0.204687 0.270313 0.204687 0.268750 0.203125 0.257812 0.203125 0.256250 0.201563 0.235937 0.201563
0 0.248438 0.187500 0.253125 0.192188 0.254688 0.192188 0.256250 0.193750 0.259375 0.193750 0.260937 0.195312 0.264062 0.195312 0.265625 0.193750 0.268750 0.193750 0.270313 0.192188 0.275000 0.192188 0.276562 0.190625 0.278125 0.190625 0.281250 0.187500 0.282813 0.187500 0.290625 0.179688 0.292187 0.179688 0.301563 0.170313 0.303125 0.170313 0.306250 0.167187 0.304688 0.165625 0.303125 0.165625 0.300000 0.162500 0.298438 0.162500 0.296875 0.160938 0.267188 0.160938 0.265625 0.162500 0.264062 0.162500 0.259375 0.167187 0.257812 0.167187 0.251563 0.173437 0.251563 0.176563 0.250000 0.178125 0.250000 0.182812 0.248438 0.184375
0 0.103125 0.184375 0.112500 0.193750 0.112500 0.195312 0.117188 0.200000 0.117188 0.201563 0.126562 0.210938 0.128125 0.210938 0.132812 0.215625 0.135937 0.215625 0.137500 0.214062 0.142187 0.214062 0.143750 0.212500 0.145313 0.212500 0.146875 0.210938 0.148438 0.210938 0.150000 0.209375 0.151562 0.209375 0.153125 0.207813 0.154688 0.207813 0.156250 0.206250 0.157812 0.206250 0.159375 0.204687 0.160938 0.204687 0.162500 0.203125 0.164062 0.203125 0.165625 0.201563 0.167187 0.201563 0.171875 0.196875 0.173437 0.196875 0.182812 0.187500 0.184375 0.187500 0.190625 0.181250 0.192188 0.181250 0.193750 0.179688 0.195312 0.179688 0.196875 0.178125 0.198437 0.178125 0.200000 0.176563 0.200000 0.175000 0.201563 0.173437 0.201563 0.171875 0.203125 0.170313 0.203125 0.168750 0.189062 0.154688 0.182812 0.154688 0.181250 0.153125 0.118750 0.153125 0.117188 0.154688 0.112500 0.154688 0.110937 0.156250 0.109375 0.156250 0.109375 0.159375 0.107813 0.160938 0.107813 0.165625 0.106250 0.167187 0.106250 0.173437 0.104688 0.175000 0.104688 0.179688 0.103125 0.181250
0 0.521875 0.171875 0.518750 0.168750 0.517188 0.168750 0.512500 0.164062 0.510938 0.164062 0.507812 0.160938 0.506250 0.160938 0.501563 0.156250 0.500000 0.156250 0.496875 0.153125 0.495312 0.153125 0.493750 0.151562 0.476562 0.151562 0.475000 0.153125 0.468750 0.153125 0.467187 0.154688 0.460938 0.154688 0.459375 0.156250 0.454688 0.156250 0.453125 0.157812 0.451562 0.157812 0.450000 0.159375 0.448437 0.159375 0.446875 0.160938 0.445312 0.160938 0.443750 0.162500 0.442188 0.162500 0.440625 0.164062 0.439063 0.164062 0.437500 0.165625 0.435937 0.165625 0.434375 0.167187 0.432812 0.167187 0.429688 0.170313 0.428125 0.170313 0.426563 0.171875 0.425000 0.171875 0.423438 0.173437 0.421875 0.173437 0.418750 0.176563 0.417187 0.176563 0.412500 0.181250 0.410938 0.181250 0.406250 0.185938 0.404687 0.185938 0.401562 0.189062 0.403125 0.189062 0.404687 0.190625 0.406250 0.190625 0.407813 0.192188 0.409375 0.192188 0.410938 0.193750 0.412500 0.193750 0.414062 0.195312 0.415625 0.195312 0.417187 0.196875 0.418750 0.196875 0.421875 0.200000 0.423438 0.200000 0.426563 0.203125 0.428125 0.201563 0.429688 0.201563 0.431250 0.200000 0.432812 0.200000 0.434375 0.198437 0.487500 0.198437 0.489063 0.196875 0.498437 0.196875 0.500000 0.195312 0.501563 0.195312 0.503125 0.193750 0.504687 0.193750 0.506250 0.192188 0.507812 0.192188 0.509375 0.190625 0.510938 0.190625 0.512500 0.189062 0.514062 0.189062 0.517188 0.185938 0.517188 0.184375 0.518750 0.182812 0.518750 0.181250 0.520312 0.179688 0.520312 0.178125 0.521875 0.176563
0 0.317188 0.146875 0.317188 0.148438 0.318750 0.150000 0.318750 0.154688 0.320312 0.156250 0.320312 0.157812 0.321875 0.159375 0.323437 0.159375 0.325000 0.160938 0.326562 0.160938 0.329688 0.164062 0.331250 0.164062 0.332813 0.165625 0.334375 0.165625 0.335938 0.167187 0.337500 0.167187 0.339062 0.168750 0.354687 0.168750 0.356250 0.170313 0.362500 0.170313 0.364063 0.171875 0.370312 0.171875 0.371875 0.173437 0.392188 0.173437 0.393750 0.171875 0.398438 0.171875 0.400000 0.170313 0.403125 0.170313 0.404687 0.168750 0.406250 0.168750 0.407813 0.167187 0.409375 0.167187 0.410938 0.165625 0.410938 0.156250 0.407813 0.156250 0.406250 0.154688 0.401562 0.154688 0.400000 0.153125 0.395313 0.153125 0.393750 0.151562 0.387500 0.151562 0.385937 0.150000 0.378125 0.150000 0.376563 0.148438 0.321875 0.148438 0.320312 0.146875
0 0.242188 0.131250 0.245312 0.134375 0.245312 0.135937 0.251563 0.142187 0.251563 0.143750 0.254688 0.146875 0.267188 0.134375 0.331250 0.134375 0.332813 0.135937 0.343750 0.135937 0.345313 0.137500 0.356250 0.137500 0.357812 0.139063 0.365625 0.139063 0.367188 0.140625 0.376563 0.140625 0.378125 0.142187 0.401562 0.142187 0.403125 0.140625 0.403125 0.139063 0.404687 0.137500 0.404687 0.135937 0.406250 0.134375 0.406250 0.132812 0.404687 0.131250 0.404687 0.129688 0.401562 0.126562 0.401562 0.125000 0.398438 0.121875 0.396875 0.121875 0.393750 0.118750 0.392188 0.118750 0.389062 0.115625 0.387500 0.115625 0.385937 0.114062 0.373437 0.114062 0.371875 0.112500 0.354687 0.112500 0.353125 0.110937 0.345313 0.110937 0.343750 0.109375 0.337500 0.109375 0.331250 0.103125 0.331250 0.101562 0.325000 0.095312 0.323437 0.095312 0.320312 0.092188 0.318750 0.092188 0.314063 0.087500 0.312500 0.087500 0.309375 0.084375 0.306250 0.084375 0.304688 0.082812 0.300000 0.082812 0.298438 0.081250 0.293750 0.081250 0.292187 0.079687 0.270313 0.079687 0.265625 0.084375 0.264062 0.084375 0.259375 0.089063 0.264062 0.093750 0.264062 0.095312 0.268750 0.100000 0.267188 0.101562 0.267188 0.103125 0.265625 0.104688 0.265625 0.106250 0.264062 0.107813 0.264062 0.109375 0.262500 0.110937 0.262500 0.112500 0.260937 0.114062 0.260937 0.115625 0.259375 0.117188 0.259375 0.118750 0.257812 0.120313 0.257812 0.121875 0.254688 0.125000 0.253125 0.125000 0.251563 0.126562 0.250000 0.126562 0.248438 0.128125 0.246875 0.128125 0.245312 0.129688 0.243750 0.129688
