0 0.446875 0.812500 0.445312 0.814063 0.445312 0.818750 0.443750 0.820312 0.443750 0.828125 0.442188 0.829688 0.442188 0.837500 0.440625 0.839063 0.440625 0.846875 0.439063 0.848437 0.439063 0.854688 0.440625 0.856250 0.440625 0.860938 0.442188 0.862500 0.442188 0.868750 0.443750 0.870313 0.443750 0.876563 0.445312 0.878125 0.445312 0.882812 0.446875 0.884375 0.446875 0.890625 0.448437 0.892188 0.448437 0.896875 0.450000 0.898438 0.450000 0.901563 0.454688 0.906250 0.454688 0.907813 0.462500 0.915625 0.462500 0.917188 0.470313 0.925000 0.470313 0.926562 0.478125 0.934375 0.478125 0.935937 0.482812 0.940625 0.484375 0.940625 0.489063 0.943750 0.492188 0.943750 0.500000 0.948438 0.503125 0.948438 0.507812 0.951562 0.510938 0.951562 0.515625 0.954688 0.518750 0.954688 0.523438 0.957812 0.526563 0.957812 0.528125 0.959375 0.529687 0.959375 0.534375 0.962500 0.537500 0.962500 0.542188 0.965625 0.550000 0.965625 0.551562 0.964063 0.565625 0.964063 0.567187 0.962500 0.581250 0.962500 0.582812 0.960938 0.589063 0.960938 0.614062 0.935937 0.614062 0.934375 0.617188 0.929688 0.618750 0.921875 0.621875 0.917188 0.623437 0.909375 0.626563 0.904687 0.628125 0.896875 0.631250 0.892188 0.631250 0.884375 0.629687 0.882812 0.629687 0.868750 0.628125 0.867188 0.628125 0.853125 0.626563 0.851562 0.626563 0.845313 0.620313 0.840625 0.618750 0.840625 0.615625 0.837500 0.614062 0.837500 0.610938 0.834375 0.610938 0.832812 0.607812 0.829688 0.607812 0.828125 0.603125 0.823438 0.603125 0.821875 0.600000 0.818750 0.600000 0.817187 0.596875 0.814063 0.596875 0.812500 0.589063 0.803125 0.584375 0.801562 0.581250 0.798438 0.573438 0.795312 0.570312 0.792188 0.565625 0.790625 0.562500 0.787500 0.554688 0.784375 0.551562 0.781250 0.550000 0.781250 0.545312 0.778125 0.521875 0.778125 0.520312 0.776563 0.498437 0.776563 0.496875 0.778125 0.495312 0.778125 0.490625 0.782813 0.489063 0.782813 0.485938 0.785937 0.484375 0.785937 0.481250 0.789062 0.479687 0.789062 0.475000 0.793750 0.473438 0.793750 0.470313 0.796875 0.468750 0.796875 0.464062 0.801562 0.462500 0.801562 0.459375 0.804688 0.457813 0.804688 0.454688 0.807813 0.453125 0.807813 0.448437 0.812500
0 0.107813 0.631250 0.103125 0.626563 0.101562 0.626563 0.092188 0.617188 0.090625 0.617188 0.085938 0.612500 0.084375 0.612500 0.082812 0.614062 0.081250 0.614062 0.079687 0.615625 0.078125 0.615625 0.076563 0.617188 0.073438 0.617188 0.071875 0.618750 0.070312 0.618750 0.068750 0.620313 0.067187 0.620313 0.065625 0.621875 0.062500 0.621875 0.060937 0.623437 0.059375 0.623437 0.057813 0.625000 0.056250 0.625000 0.054688 0.626563 0.051562 0.626563 0.050000 0.628125 0.048438 0.628125 0.046875 0.629687 0.045312 0.629687 0.043750 0.631250 0.040625 0.631250 0.039062 0.632812 0.037500 0.632812 0.035937 0.634375 0.034375 0.634375 0.032813 0.635938 0.031250 0.635938 0.017188 0.650000 0.017188 0.654687 0.015625 0.656250 0.015625 0.679688 0.017188 0.681250 0.018750 0.681250 0.021875 0.684375 0.023438 0.684375 0.025000 0.685937 0.026562 0.685937 0.028125 0.687500 0.040625 0.687500 0.042188 0.685937 0.057813 0.685937 0.059375 0.684375 0.060937 0.684375 0.062500 0.682813 0.064062 0.682813 0.065625 0.681250 0.067187 0.681250 0.068750 0.679688 0.070312 0.679688 0.071875 0.678125 0.073438 0.678125 0.075000 0.676562 0.076563 0.676562 0.078125 0.675000 0.079687 0.675000 0.081250 0.673438 0.082812 0.673438 0.084375 0.671875 0.085938 0.671875 0.089063 0.668750 0.089063 0.667188 0.093750 0.662500 0.093750 0.660937 0.098437 0.656250 0.098437 0.654687 0.103125 0.650000 0.103125 0.648438 0.106250 0.645312 0.106250 0.639062 0.107813 0.637500
0 0.534375 0.470313 0.534375 0.487500 0.535937 0.489063 0.535937 0.521875 0.537500 0.523438 0.537500 0.540625 0.539062 0.540625 0.540625 0.542188 0.542188 0.542188 0.543750 0.543750 0.545312 0.543750 0.546875 0.545312 0.548438 0.545312 0.550000 0.546875 0.551562 0.546875 0.553125 0.548438 0.554688 0.548438 0.556250 0.550000 0.557813 0.550000 0.559375 0.551562 0.560937 0.551562 0.562500 0.553125 0.564063 0.553125 0.565625 0.554688 0.567187 0.554688 0.568750 0.556250 0.570312 0.556250 0.571875 0.557813 0.573438 0.557813 0.575000 0.559375 0.576562 0.559375 0.578125 0.560937 0.579688 0.560937 0.581250 0.562500 0.582812 0.562500 0.587500 0.565625 0.593750 0.565625 0.595313 0.567187 0.606250 0.567187 0.607812 0.568750 0.617188 0.568750 0.618750 0.570312 0.628125 0.570312 0.629687 0.571875 0.640625 0.571875 0.642188 0.573438 0.657813 0.573438 0.659375 0.575000 0.681250 0.575000 0.682813 0.576562 0.693750 0.576562 0.693750 0.575000 0.696875 0.570312 0.696875 0.567187 0.698438 0.565625 0.698438 0.562500 0.701562 0.557813 0.701562 0.554688 0.703125 0.553125 0.703125 0.550000 0.706250 0.545312 0.706250 0.542188 0.704688 0.540625 0.704688 0.539062 0.703125 0.537500 0.703125 0.535937 0.701562 0.534375 0.701562 0.532813 0.700000 0.531250 0.700000 0.529687 0.698438 0.528125 0.698438 0.526563 0.696875 0.525000 0.695312 0.520312 0.692187 0.517188 0.690625 0.517188 0.685937 0.512500 0.684375 0.512500 0.679688 0.507812 0.678125 0.507812 0.670312 0.500000 0.668750 0.500000 0.657813 0.489063 0.656250 0.489063 0.645312 0.478125 0.643750 0.478125 0.637500 0.471875 0.635938 0.471875 0.634375 0.470313 0.631250 0.470313 0.629687 0.468750 0.626563 0.468750 0.625000 0.467187 0.621875 0.467187 0.620313 0.465625 0.615625 0.465625 0.614062 0.464062 0.610938 0.464062 0.609375 0.462500 0.606250 0.462500 0.604688 0.460938 0.601562 0.460938 0.600000 0.459375 0.596875 0.459375 0.595313 0.457813 0.590625 0.457813 0.589063 0.459375 0.582812 0.459375 0.581250 0.460938 0.576562 0.460938 0.575000 0.462500 0.568750 0.462500 0.567187 0.464062 0.560937 0.464062 0.559375 0.465625 0.553125 0.465625 0.551562 0.467187 0.546875 0.467187 0.545312 0.468750 0.539062 0.468750 0.537500 0.470313
0 0.662500 0.410938 0.662500 0.426563 0.670312 0.434375 0.671875 0.434375 0.687500 0.450000 0.689063 0.450000 0.696875 0.457813 0.698438 0.457813 0.700000 0.459375 0.704688 0.459375 0.706250 0.460938 0.709375 0.460938 0.710938 0.462500 0.715625 0.462500 0.717187 0.464062 0.720313 0.464062 0.721875 0.465625 0.725000 0.465625 0.726562 0.467187 0.731250 0.467187 0.732812 0.468750 0.735938 0.468750 0.737500 0.470313 0.742188 0.470313 0.743750 0.471875 0.746875 0.471875 0.748437 0.473438 0.751563 0.473438 0.753125 0.475000 0.754687 0.475000 0.756250 0.476562 0.759375 0.476562 0.760938 0.478125 0.764062 0.478125 0.765625 0.476562 0.767188 0.476562 0.768750 0.475000 0.770312 0.475000 0.771875 0.473438 0.773438 0.473438 0.775000 0.471875 0.776563 0.471875 0.778125 0.470313 0.779687 0.470313 0.781250 0.468750 0.782813 0.468750 0.784375 0.467187 0.785937 0.467187 0.787500 0.465625 0.789062 0.465625 0.790625 0.464062 0.792188 0.464062 0.793750 0.462500 0.795312 0.462500 0.795312 0.459375 0.796875 0.457813 0.796875 0.453125 0.798438 0.451562 0.798438 0.448437 0.796875 0.446875 0.796875 0.445312 0.792188 0.440625 0.792188 0.439063 0.790625 0.437500 0.789062 0.437500 0.787500 0.435937 0.785937 0.435937 0.784375 0.434375 0.782813 0.434375 0.781250 0.432812 0.778125 0.432812 0.776563 0.431250 0.775000 0.431250 0.773438 0.429688 0.771875 0.429688 0.770312 0.428125 0.767188 0.428125 0.765625 0.426563 0.764062 0.426563 0.762500 0.425000 0.760938 0.425000 0.759375 0.423438 0.756250 0.423438 0.754687 0.421875 0.753125 0.421875 0.751563 0.420312 0.750000 0.420312 0.748437 0.418750 0.745313 0.418750 0.743750 0.417187 0.742188 0.417187 0.740625 0.415625 0.737500 0.415625 0.735938 0.414062 0.734375 0.414062 0.732812 0.412500 0.731250 0.412500 0.729688 0.410938 0.726562 0.410938 0.725000 0.409375 0.721875 0.409375 0.720313 0.407813 0.715625 0.407813 0.714063 0.406250 0.710938 0.406250 0.709375 0.404687 0.703125 0.404687 0.701562 0.406250 0.692187 0.406250 0.690625 0.407813 0.679688 0.407813 0.678125 0.409375 0.668750 0.409375 0.667188 0.410938
0 0.410938 0.368750 0.410938 0.370312 0.412500 0.371875 0.412500 0.373437 0.414062 0.375000 0.414062 0.376563 0.415625 0.378125 0.415625 0.379688 0.417187 0.381250 0.417187 0.382812 0.418750 0.384375 0.418750 0.385937 0.420312 0.387500 0.420312 0.389062 0.421875 0.390625 0.421875 0.392188 0.423438 0.393750 0.423438 0.395313 0.425000 0.396875 0.425000 0.398438 0.426563 0.398438 0.428125 0.400000 0.429688 0.400000 0.431250 0.401562 0.434375 0.401562 0.435937 0.403125 0.437500 0.403125 0.439063 0.404687 0.442188 0.404687 0.443750 0.406250 0.445312 0.406250 0.446875 0.407813 0.489063 0.407813 0.490625 0.406250 0.493750 0.406250 0.495312 0.404687 0.498437 0.404687 0.500000 0.403125 0.501563 0.403125 0.501563 0.395313 0.503125 0.393750 0.503125 0.384375 0.501563 0.382812 0.501563 0.381250 0.496875 0.376563 0.496875 0.375000 0.495312 0.373437 0.493750 0.373437 0.492188 0.371875 0.489063 0.371875 0.487500 0.370312 0.484375 0.370312 0.482812 0.368750 0.479687 0.368750 0.478125 0.367188 0.475000 0.367188 0.473438 0.365625 0.470313 0.365625 0.468750 0.364063 0.465625 0.364063 0.464062 0.362500 0.453125 0.362500 0.451562 0.360938 0.434375 0.360938 0.432812 0.359375 0.425000 0.359375 0.423438 0.360938 0.421875 0.360938 0.418750 0.364063 0.417187 0.364063 0.414062 0.367188 0.412500 0.367188
0 0.710938 0.348438 0.710938 0.350000 0.712500 0.351562 0.712500 0.356250 0.714063 0.357812 0.714063 0.360938 0.715625 0.362500 0.715625 0.364063 0.717187 0.364063 0.718750 0.365625 0.720313 0.365625 0.721875 0.367188 0.725000 0.367188 0.726562 0.368750 0.729688 0.368750 0.731250 0.370312 0.732812 0.370312 0.734375 0.371875 0.737500 0.371875 0.739062 0.373437 0.742188 0.373437 0.743750 0.375000 0.745313 0.375000 0.746875 0.376563 0.750000 0.376563 0.751563 0.378125 0.754687 0.378125 0.756250 0.379688 0.759375 0.379688 0.760938 0.381250 0.765625 0.381250 0.767188 0.382812 0.770312 0.382812 0.771875 0.384375 0.775000 0.384375 0.776563 0.385937 0.779687 0.385937 0.781250 0.387500 0.784375 0.387500 0.785937 0.389062 0.790625 0.389062 0.792188 0.390625 0.795312 0.390625 0.796875 0.392188 0.798438 0.392188 0.810937 0.379688 0.804688 0.373437 0.803125 0.373437 0.795312 0.365625 0.793750 0.365625 0.792188 0.364063 0.790625 0.364063 0.787500 0.360938 0.785937 0.360938 0.782813 0.357812 0.781250 0.357812 0.779687 0.356250 0.778125 0.356250 0.776563 0.354687 0.775000 0.354687 0.773438 0.353125 0.770312 0.353125 0.768750 0.351562 0.765625 0.351562 0.764062 0.350000 0.760938 0.350000 0.759375 0.348438 0.756250 0.348438 0.754687 0.346875 0.748437 0.346875 0.746875 0.345313 0.735938 0.345313 0.734375 0.343750 0.723437 0.343750 0.721875 0.342187 0.717187 0.342187
0 0.554688 0.357812 0.560937 0.364063 0.560937 0.365625 0.571875 0.376563 0.571875 0.378125 0.578125 0.384375 0.581250 0.384375 0.582812 0.385937 0.590625 0.385937 0.592187 0.387500 0.600000 0.387500 0.601562 0.389062 0.607812 0.389062 0.609375 0.390625 0.617188 0.390625 0.618750 0.392188 0.626563 0.392188 0.628125 0.393750 0.635938 0.393750 0.637500 0.392188 0.645312 0.392188 0.646875 0.390625 0.654687 0.390625 0.656250 0.389062 0.662500 0.389062 0.664062 0.387500 0.668750 0.387500 0.670312 0.385937 0.676562 0.385937 0.678125 0.384375 0.684375 0.384375 0.685937 0.382812 0.690625 0.382812 0.692187 0.381250 0.693750 0.381250 0.695312 0.379688 0.696875 0.379688 0.698438 0.378125 0.700000 0.378125 0.696875 0.375000 0.695312 0.375000 0.690625 0.370312 0.689063 0.370312 0.682813 0.364063 0.681250 0.364063 0.678125 0.360938 0.675000 0.360938 0.673438 0.359375 0.668750 0.359375 0.667188 0.357812 0.662500 0.357812 0.660937 0.356250 0.657813 0.356250 0.653125 0.360938 0.651563 0.359375 0.650000 0.359375 0.648438 0.357812 0.646875 0.357812 0.645312 0.356250 0.643750 0.356250 0.642188 0.354687 0.640625 0.354687 0.639062 0.353125 0.637500 0.353125 0.635938 0.351562 0.634375 0.351562 0.632812 0.350000 0.631250 0.350000 0.629687 0.348438 0.628125 0.348438 0.626563 0.346875 0.625000 0.346875 0.623437 0.345313 0.621875 0.345313 0.620313 0.343750 0.618750 0.343750 0.617188 0.342187 0.612500 0.342187 0.610938 0.340625 0.603125 0.340625 0.601562 0.339062 0.593750 0.339062 0.592187 0.337500 0.584375 0.337500 0.582812 0.339062 0.575000 0.339062 0.573438 0.340625 0.570312 0.340625 0.562500 0.348438 0.562500 0.350000
0 0.435937 0.321875 0.435937 0.323437 0.437500 0.325000 0.437500 0.328125 0.439063 0.329688 0.439063 0.332813 0.440625 0.334375 0.440625 0.337500 0.442188 0.339062 0.442188 0.342187 0.443750 0.343750 0.443750 0.345313 0.445312 0.345313 0.446875 0.346875 0.451562 0.346875 0.453125 0.348438 0.457813 0.348438 0.459375 0.350000 0.464062 0.350000 0.465625 0.351562 0.468750 0.351562 0.470313 0.353125 0.475000 0.353125 0.476562 0.354687 0.481250 0.354687 0.482812 0.356250 0.487500 0.356250 0.489063 0.357812 0.493750 0.357812 0.495312 0.359375 0.496875 0.359375 0.503125 0.353125 0.504687 0.353125 0.509375 0.348438 0.509375 0.346875 0.507812 0.345313 0.507812 0.343750 0.506250 0.342187 0.506250 0.340625 0.490625 0.325000 0.489063 0.325000 0.487500 0.323437 0.484375 0.323437 0.482812 0.321875 0.479687 0.321875 0.478125 0.320312 0.476562 0.320312 0.475000 0.318750 0.471875 0.318750 0.470313 0.317188 0.464062 0.317188 0.462500 0.318750 0.453125 0.318750 0.451562 0.320312 0.442188 0.320312 0.440625 0.321875
0 0.668750 0.298438 0.668750 0.317188 0.670312 0.318750 0.671875 0.318750 0.673438 0.320312 0.675000 0.320312 0.676562 0.321875 0.678125 0.321875 0.679688 0.323437 0.681250 0.323437 0.682813 0.325000 0.684375 0.325000 0.685937 0.326562 0.689063 0.326562 0.690625 0.328125 0.695312 0.328125 0.696875 0.329688 0.700000 0.329688 0.701562 0.331250 0.704688 0.331250 0.706250 0.332813 0.710938 0.332813 0.712500 0.334375 0.717187 0.334375 0.718750 0.332813 0.723437 0.332813 0.725000 0.331250 0.729688 0.331250 0.731250 0.329688 0.735938 0.329688 0.737500 0.328125 0.740625 0.328125 0.743750 0.325000 0.743750 0.323437 0.745313 0.321875 0.743750 0.320312 0.742188 0.320312 0.740625 0.318750 0.739062 0.318750 0.737500 0.317188 0.735938 0.317188 0.732812 0.314063 0.731250 0.314063 0.729688 0.312500 0.728125 0.312500 0.723437 0.307812 0.721875 0.307812 0.718750 0.304688 0.717187 0.304688 0.715625 0.303125 0.712500 0.303125 0.710938 0.301563 0.707812 0.301563 0.706250 0.300000 0.704688 0.300000 0.703125 0.298438 0.700000 0.298438 0.698438 0.296875 0.682813 0.296875 0.681250 0.298438
0 0.532813 0.300000 0.532813 0.314063 0.534375 0.314063 0.535937 0.315625 0.537500 0.315625 0.539062 0.317188 0.540625 0.317188 0.542188 0.318750 0.543750 0.318750 0.545312 0.320312 0.548438 0.320312 0.550000 0.321875 0.551562 0.321875 0.553125 0.323437 0.554688 0.323437 0.556250 0.325000 0.567187 0.325000 0.568750 0.326562 0.582812 0.326562 0.584375 0.325000 0.589063 0.325000 0.589063 0.317188 0.587500 0.315625 0.587500 0.309375 0.585938 0.307812 0.584375 0.307812 0.582812 0.306250 0.581250 0.306250 0.578125 0.303125 0.576562 0.303125 0.575000 0.301563 0.573438 0.301563 0.571875 0.300000 0.570312 0.300000 0.568750 0.298438 0.565625 0.298438 0.564063 0.296875 0.560937 0.296875 0.559375 0.295312 0.557813 0.295312 0.556250 0.293750 0.553125 0.293750 0.551562 0.292187 0.548438 0.292187 0.546875 0.293750 0.545312 0.293750 0.543750 0.295312 0.542188 0.295312 0.540625 0.296875 0.539062 0.296875 0.537500 0.298438 0.535937 0.298438 0.534375 0.300000
0 0.404687 0.282813 0.404687 0.285938 0.406250 0.287500 0.406250 0.292187 0.407813 0.293750 0.407813 0.296875 0.409375 0.298438 0.410938 0.298438 0.412500 0.300000 0.414062 0.300000 0.415625 0.301563 0.417187 0.301563 0.418750 0.303125 0.420312 0.303125 0.421875 0.304688 0.423438 0.304688 0.425000 0.306250 0.446875 0.306250 0.448437 0.304688 0.451562 0.304688 0.453125 0.303125 0.454688 0.303125 0.456250 0.301563 0.459375 0.301563 0.460938 0.300000 0.464062 0.300000 0.465625 0.298438 0.467187 0.298438 0.467187 0.296875 0.468750 0.295312 0.468750 0.292187 0.470313 0.290625 0.470313 0.289062 0.468750 0.287500 0.468750 0.285938 0.467187 0.284375 0.467187 0.282813 0.465625 0.281250 0.462500 0.281250 0.460938 0.279687 0.450000 0.279687 0.448437 0.278125 0.434375 0.278125 0.432812 0.276562 0.415625 0.276562 0.414062 0.278125 0.412500 0.278125 0.410938 0.279687 0.409375 0.279687 0.407813 0.281250 0.406250 0.281250
