0 0.514062 0.756250 0.476562 0.803125 0.476562 0.820312 0.478125 0.821875 0.478125 0.839063 0.479687 0.840625 0.479687 0.842187 0.481250 0.843750 0.481250 0.845313 0.482812 0.846875 0.482812 0.848437 0.484375 0.850000 0.484375 0.851562 0.485938 0.853125 0.485938 0.854688 0.487500 0.856250 0.487500 0.857812 0.489063 0.859375 0.489063 0.860938 0.490625 0.862500 0.490625 0.864062 0.492188 0.865625 0.492188 0.867188 0.493750 0.868750 0.493750 0.870313 0.495312 0.871875 0.496875 0.876563 0.500000 0.879687 0.501563 0.879687 0.504687 0.882812 0.506250 0.882812 0.510938 0.887500 0.512500 0.887500 0.515625 0.890625 0.517188 0.890625 0.520312 0.893750 0.521875 0.893750 0.526563 0.898438 0.528125 0.898438 0.531250 0.901563 0.532813 0.901563 0.534375 0.903125 0.539062 0.903125 0.540625 0.904687 0.551562 0.904687 0.553125 0.906250 0.564063 0.906250 0.565625 0.907813 0.575000 0.907813 0.576562 0.909375 0.587500 0.909375 0.589063 0.910937 0.595313 0.910937 0.600000 0.907813 0.603125 0.907813 0.610938 0.903125 0.614062 0.903125 0.618750 0.900000 0.621875 0.900000 0.623437 0.898438 0.625000 0.898438 0.626563 0.896875 0.631250 0.895312 0.632812 0.893750 0.632812 0.892188 0.634375 0.890625 0.634375 0.889062 0.635938 0.887500 0.635938 0.885938 0.637500 0.884375 0.637500 0.882812 0.639062 0.881250 0.639062 0.879687 0.640625 0.878125 0.640625 0.876563 0.642188 0.875000 0.642188 0.873437 0.646875 0.865625 0.646875 0.860938 0.648438 0.859375 0.648438 0.850000 0.650000 0.848437 0.650000 0.840625 0.651563 0.839063 0.651563 0.829688 0.653125 0.828125 0.653125 0.821875 0.651563 0.820312 0.651563 0.817187 0.648438 0.812500 0.648438 0.809375 0.646875 0.807813 0.646875 0.804688 0.645312 0.803125 0.645312 0.800000 0.643750 0.798438 0.643750 0.795312 0.640625 0.790625 0.640625 0.787500 0.639062 0.785937 0.639062 0.784375 0.625000 0.779687 0.618750 0.773438 0.617188 0.773438 0.606250 0.762500 0.604688 0.762500 0.600000 0.757812 0.596875 0.757812 0.595313 0.756250 0.590625 0.756250 0.589063 0.754687 0.584375 0.754687 0.582812 0.753125 0.578125 0.753125 0.576562 0.751563 0.571875 0.751563 0.570312 0.750000 0.565625 0.750000 0.564063 0.748437 0.559375 0.748437 0.557813 0.746875 0.551562 0.746875 0.550000 0.748437 0.545312 0.748437 0.543750 0.750000 0.539062 0.750000 0.537500 0.751563 0.531250 0.751563 0.529687 0.753125 0.525000 0.753125 0.523438 0.754687 0.518750 0.754687 0.517188 0.756250
0 0.145313 0.728125 0.143750 0.728125 0.142187 0.726562 0.140625 0.726562 0.139063 0.725000 0.135937 0.725000 0.134375 0.723437 0.132812 0.723437 0.131250 0.721875 0.128125 0.721875 0.126562 0.720313 0.125000 0.720313 0.123438 0.718750 0.121875 0.718750 0.118750 0.721875 0.117188 0.721875 0.109375 0.729688 0.107813 0.729688 0.101562 0.735938 0.100000 0.735938 0.093750 0.742188 0.092188 0.742188 0.084375 0.750000 0.082812 0.750000 0.078125 0.754687 0.078125 0.756250 0.076563 0.757812 0.076563 0.759375 0.075000 0.760938 0.075000 0.762500 0.073438 0.764062 0.073438 0.765625 0.071875 0.767188 0.071875 0.779687 0.070312 0.781250 0.070312 0.792188 0.073438 0.792188 0.075000 0.793750 0.079687 0.793750 0.081250 0.795312 0.085938 0.795312 0.087500 0.796875 0.090625 0.796875 0.092188 0.795312 0.096875 0.795312 0.098437 0.793750 0.103125 0.793750 0.104688 0.792188 0.109375 0.792188 0.110937 0.790625 0.112500 0.790625 0.121875 0.781250 0.123438 0.781250 0.134375 0.770312 0.134375 0.768750 0.135937 0.767188 0.135937 0.765625 0.137500 0.764062 0.137500 0.762500 0.139063 0.760938 0.139063 0.757812 0.140625 0.756250 0.140625 0.754687 0.142187 0.753125 0.142187 0.750000 0.143750 0.748437 0.143750 0.746875 0.145313 0.745313 0.145313 0.743750 0.146875 0.742188 0.146875 0.734375 0.145313 0.732812
0 0.479687 0.479687 0.479687 0.481250 0.481250 0.482812 0.481250 0.487500 0.482812 0.489063 0.482812 0.492188 0.484375 0.493750 0.484375 0.498437 0.485938 0.500000 0.485938 0.503125 0.487500 0.504687 0.487500 0.509375 0.489063 0.510938 0.489063 0.515625 0.490625 0.517188 0.490625 0.520312 0.492188 0.521875 0.492188 0.526563 0.493750 0.528125 0.493750 0.531250 0.495312 0.532813 0.495312 0.537500 0.496875 0.539062 0.496875 0.540625 0.500000 0.540625 0.501563 0.542188 0.509375 0.542188 0.510938 0.543750 0.517188 0.543750 0.518750 0.545312 0.525000 0.545312 0.526563 0.546875 0.534375 0.546875 0.535937 0.548438 0.542188 0.548438 0.543750 0.550000 0.551562 0.550000 0.553125 0.548438 0.562500 0.548438 0.564063 0.546875 0.573438 0.546875 0.575000 0.545312 0.582812 0.545312 0.584375 0.543750 0.593750 0.543750 0.595313 0.542188 0.603125 0.542188 0.604688 0.540625 0.609375 0.540625 0.610938 0.539062 0.615625 0.539062 0.617188 0.537500 0.621875 0.537500 0.623437 0.535937 0.628125 0.535937 0.629687 0.534375 0.634375 0.534375 0.635938 0.532813 0.639062 0.532813 0.639062 0.528125 0.640625 0.526563 0.640625 0.517188 0.642188 0.515625 0.642188 0.506250 0.643750 0.504687 0.643750 0.500000 0.640625 0.496875 0.640625 0.495312 0.632812 0.487500 0.632812 0.485938 0.629687 0.482812 0.628125 0.482812 0.623437 0.479687 0.620313 0.479687 0.618750 0.478125 0.615625 0.478125 0.610938 0.475000 0.607812 0.475000 0.606250 0.473438 0.604688 0.473438 0.603125 0.471875 0.601562 0.471875 0.600000 0.470313 0.598437 0.470313 0.596875 0.468750 0.595313 0.468750 0.590625 0.465625 0.587500 0.465625 0.585938 0.464062 0.584375 0.464062 0.582812 0.462500 0.581250 0.462500 0.579688 0.460938 0.578125 0.460938 0.576562 0.459375 0.575000 0.459375 0.570312 0.456250 0.550000 0.456250 0.548438 0.454688 0.528125 0.454688 0.526563 0.456250 0.525000 0.456250 0.523438 0.457813 0.521875 0.457813 0.520312 0.459375 0.518750 0.459375 0.517188 0.460938 0.515625 0.460938 0.514062 0.462500 0.512500 0.462500 0.510938 0.464062 0.509375 0.464062 0.507812 0.465625 0.506250 0.465625 0.504687 0.467187 0.503125 0.467187 0.501563 0.468750 0.500000 0.468750 0.498437 0.470313 0.496875 0.470313 0.495312 0.471875 0.493750 0.471875 0.492188 0.473438 0.490625 0.473438 0.489063 0.475000 0.487500 0.475000 0.485938 0.476562 0.484375 0.476562
0 0.351562 0.423438 0.360938 0.432812 0.360938 0.434375 0.370312 0.443750 0.375000 0.443750 0.376563 0.445312 0.385937 0.445312 0.387500 0.446875 0.393750 0.446875 0.395313 0.445312 0.400000 0.445312 0.401562 0.443750 0.404687 0.443750 0.406250 0.442188 0.410938 0.442188 0.412500 0.440625 0.415625 0.440625 0.417187 0.439063 0.421875 0.439063 0.423438 0.437500 0.425000 0.437500 0.426563 0.435937 0.428125 0.435937 0.429688 0.434375 0.431250 0.434375 0.434375 0.431250 0.435937 0.431250 0.437500 0.429688 0.437500 0.426563 0.435937 0.425000 0.435937 0.417187 0.434375 0.415625 0.434375 0.412500 0.429688 0.407813 0.428125 0.407813 0.425000 0.404687 0.390625 0.404687 0.389062 0.406250 0.382812 0.406250 0.381250 0.407813 0.375000 0.407813 0.373437 0.409375 0.367188 0.409375 0.365625 0.410938 0.362500 0.410938 0.356250 0.417187 0.356250 0.418750
0 0.576562 0.395313 0.576562 0.396875 0.578125 0.398438 0.578125 0.401562 0.579688 0.403125 0.579688 0.406250 0.581250 0.407813 0.581250 0.409375 0.582812 0.410938 0.584375 0.410938 0.585938 0.412500 0.587500 0.412500 0.589063 0.414062 0.590625 0.414062 0.592187 0.415625 0.593750 0.415625 0.595313 0.417187 0.596875 0.417187 0.598437 0.418750 0.600000 0.418750 0.601562 0.420312 0.603125 0.420312 0.604688 0.421875 0.606250 0.421875 0.607812 0.423438 0.609375 0.423438 0.610938 0.425000 0.612500 0.425000 0.614062 0.426563 0.615625 0.426563 0.617188 0.428125 0.679688 0.428125 0.684375 0.423438 0.685937 0.423438 0.696875 0.412500 0.698438 0.412500 0.704688 0.406250 0.704688 0.400000 0.703125 0.398438 0.703125 0.393750 0.698438 0.389062 0.696875 0.389062 0.693750 0.385937 0.687500 0.385937 0.685937 0.384375 0.671875 0.384375 0.670312 0.382812 0.656250 0.382812 0.654687 0.381250 0.642188 0.381250 0.640625 0.379688 0.614062 0.379688 0.612500 0.381250 0.610938 0.381250 0.609375 0.382812 0.606250 0.382812 0.604688 0.384375 0.603125 0.384375 0.601562 0.385937 0.598437 0.385937 0.596875 0.387500 0.595313 0.387500 0.593750 0.389062 0.590625 0.389062 0.589063 0.390625 0.587500 0.390625 0.585938 0.392188 0.582812 0.392188 0.581250 0.393750 0.579688 0.393750 0.578125 0.395313
0 0.364063 0.375000 0.365625 0.376563 0.365625 0.378125 0.367188 0.379688 0.367188 0.381250 0.368750 0.382812 0.368750 0.384375 0.371875 0.387500 0.371875 0.389062 0.373437 0.390625 0.373437 0.392188 0.375000 0.393750 0.398438 0.393750 0.400000 0.392188 0.423438 0.392188 0.425000 0.390625 0.425000 0.389062 0.428125 0.385937 0.428125 0.384375 0.429688 0.382812 0.429688 0.381250 0.431250 0.379688 0.429688 0.378125 0.429688 0.376563 0.428125 0.375000 0.428125 0.373437 0.425000 0.370312 0.423438 0.370312 0.421875 0.368750 0.420312 0.368750 0.418750 0.367188 0.417187 0.367188 0.415625 0.365625 0.414062 0.365625 0.412500 0.364063 0.401562 0.364063 0.400000 0.362500 0.389062 0.362500 0.387500 0.364063 0.385937 0.364063 0.384375 0.365625 0.382812 0.365625 0.381250 0.367188 0.379688 0.367188 0.378125 0.368750 0.376563 0.368750 0.375000 0.370312 0.373437 0.370312 0.371875 0.371875 0.370312 0.371875 0.368750 0.373437 0.367188 0.373437 0.365625 0.375000
0 0.473438 0.376563 0.475000 0.378125 0.476562 0.378125 0.479687 0.381250 0.481250 0.381250 0.484375 0.384375 0.485938 0.384375 0.487500 0.385937 0.489063 0.385937 0.492188 0.389062 0.493750 0.389062 0.496875 0.392188 0.498437 0.392188 0.500000 0.393750 0.504687 0.393750 0.506250 0.392188 0.517188 0.392188 0.518750 0.390625 0.528125 0.390625 0.529687 0.389062 0.540625 0.389062 0.542188 0.387500 0.548438 0.387500 0.550000 0.385937 0.553125 0.385937 0.554688 0.384375 0.556250 0.384375 0.557813 0.382812 0.560937 0.382812 0.562500 0.381250 0.564063 0.381250 0.565625 0.379688 0.567187 0.379688 0.568750 0.378125 0.570312 0.378125 0.571875 0.376563 0.573438 0.376563 0.575000 0.375000 0.576562 0.375000 0.578125 0.373437 0.579688 0.373437 0.581250 0.371875 0.582812 0.371875 0.584375 0.370312 0.585938 0.370312 0.587500 0.368750 0.589063 0.368750 0.590625 0.367188 0.592187 0.367188 0.596875 0.362500 0.598437 0.362500 0.603125 0.357812 0.601562 0.357812 0.600000 0.356250 0.598437 0.356250 0.596875 0.354687 0.595313 0.354687 0.593750 0.353125 0.590625 0.353125 0.589063 0.351562 0.587500 0.351562 0.585938 0.350000 0.584375 0.350000 0.582812 0.348438 0.573438 0.348438 0.571875 0.350000 0.562500 0.350000 0.560937 0.351562 0.560937 0.353125 0.559375 0.354687 0.556250 0.354687 0.554688 0.353125 0.550000 0.353125 0.548438 0.351562 0.543750 0.351562 0.542188 0.350000 0.535937 0.350000 0.534375 0.348438 0.529687 0.348438 0.528125 0.346875 0.518750 0.346875 0.517188 0.348438 0.506250 0.348438 0.504687 0.350000 0.498437 0.350000 0.496875 0.351562 0.495312 0.351562 0.493750 0.353125 0.492188 0.353125 0.490625 0.354687 0.489063 0.354687 0.487500 0.356250 0.485938 0.356250 0.484375 0.357812 0.482812 0.357812 0.481250 0.359375 0.481250 0.360938 0.479687 0.362500 0.479687 0.364063 0.478125 0.365625 0.478125 0.367188 0.476562 0.368750 0.476562 0.370312 0.475000 0.371875 0.475000 0.373437 0.473438 0.375000
0 0.385937 0.337500 0.379688 0.331250 0.370312 0.331250 0.368750 0.332813 0.364063 0.332813 0.362500 0.334375 0.356250 0.334375 0.354687 0.335938 0.350000 0.335938 0.348438 0.337500 0.343750 0.337500 0.342187 0.339062 0.340625 0.339062 0.339062 0.340625 0.337500 0.340625 0.332813 0.345313 0.331250 0.345313 0.326562 0.350000 0.328125 0.351562 0.328125 0.353125 0.329688 0.354687 0.329688 0.356250 0.331250 0.357812 0.331250 0.359375 0.332813 0.360938 0.337500 0.360938 0.339062 0.362500 0.346875 0.362500 0.348438 0.364063 0.353125 0.364063 0.354687 0.362500 0.359375 0.362500 0.360938 0.360938 0.364063 0.360938 0.365625 0.359375 0.367188 0.359375 0.368750 0.357812 0.370312 0.357812 0.375000 0.353125 0.376563 0.353125 0.381250 0.348438 0.382812 0.348438 0.384375 0.346875 0.384375 0.343750 0.385937 0.342187
0 0.442188 0.331250 0.442188 0.334375 0.443750 0.335938 0.443750 0.340625 0.445312 0.342187 0.445312 0.343750 0.448437 0.343750 0.450000 0.345313 0.456250 0.345313 0.457813 0.346875 0.464062 0.346875 0.465625 0.348438 0.471875 0.348438 0.473438 0.346875 0.478125 0.346875 0.479687 0.345313 0.484375 0.345313 0.485938 0.343750 0.489063 0.343750 0.490625 0.342187 0.492188 0.342187 0.493750 0.340625 0.495312 0.340625 0.496875 0.339062 0.496875 0.337500 0.495312 0.335938 0.495312 0.332813 0.493750 0.331250 0.493750 0.329688 0.492188 0.328125 0.492188 0.326562 0.490625 0.326562 0.489063 0.325000 0.485938 0.325000 0.484375 0.323437 0.479687 0.323437 0.478125 0.321875 0.467187 0.321875 0.465625 0.320312 0.456250 0.320312 0.453125 0.323437 0.451562 0.323437 0.446875 0.328125 0.445312 0.328125
0 0.606250 0.328125 0.606250 0.329688 0.607812 0.331250 0.607812 0.332813 0.612500 0.337500 0.612500 0.339062 0.614062 0.340625 0.620313 0.340625 0.621875 0.342187 0.635938 0.342187 0.637500 0.343750 0.667188 0.343750 0.668750 0.345313 0.692187 0.345313 0.693750 0.343750 0.693750 0.342187 0.695312 0.340625 0.695312 0.339062 0.696875 0.337500 0.696875 0.335938 0.698438 0.334375 0.698438 0.332813 0.700000 0.331250 0.698438 0.329688 0.696875 0.329688 0.695312 0.328125 0.693750 0.328125 0.692187 0.326562 0.690625 0.326562 0.689063 0.325000 0.687500 0.325000 0.685937 0.323437 0.682813 0.323437 0.681250 0.321875 0.678125 0.321875 0.676562 0.320312 0.671875 0.320312 0.670312 0.318750 0.667188 0.318750 0.665625 0.317188 0.654687 0.317188 0.653125 0.315625 0.639062 0.315625 0.637500 0.317188 0.631250 0.317188 0.629687 0.318750 0.621875 0.318750 0.620313 0.320312 0.614062 0.320312 0.612500 0.321875 0.609375 0.321875 0.609375 0.323437 0.607812 0.325000 0.607812 0.326562
0 0.559375 0.295312 0.559375 0.296875 0.560937 0.298438 0.560937 0.303125 0.562500 0.304688 0.562500 0.309375 0.564063 0.310937 0.564063 0.312500 0.567187 0.312500 0.568750 0.314063 0.576562 0.314063 0.578125 0.315625 0.606250 0.315625 0.607812 0.314063 0.609375 0.314063 0.610938 0.312500 0.612500 0.312500 0.614062 0.310937 0.615625 0.310937 0.618750 0.307812 0.620313 0.307812 0.621875 0.306250 0.623437 0.306250 0.625000 0.304688 0.626563 0.304688 0.628125 0.303125 0.628125 0.301563 0.629687 0.300000 0.629687 0.296875 0.628125 0.296875 0.626563 0.295312 0.621875 0.295312 0.620313 0.293750 0.615625 0.293750 0.614062 0.292187 0.610938 0.292187 0.609375 0.290625 0.606250 0.290625 0.604688 0.289062 0.593750 0.289062 0.592187 0.287500 0.581250 0.287500 0.579688 0.289062 0.576562 0.289062 0.575000 0.290625 0.571875 0.290625 0.570312 0.292187 0.567187 0.292187 0.565625 0.293750 0.562500 0.293750 0.560937 0.295312
