0 0.429688 0.812500 0.428125 0.814063 0.428125 0.815625 0.423438 0.820312 0.423438 0.821875 0.418750 0.826562 0.418750 0.828125 0.414062 0.832812 0.414062 0.834375 0.409375 0.839063 0.409375 0.840625 0.404687 0.845313 0.404687 0.846875 0.403125 0.848437 0.403125 0.853125 0.401562 0.854688 0.401562 0.865625 0.400000 0.867188 0.400000 0.878125 0.398438 0.879687 0.398438 0.885938 0.400000 0.887500 0.400000 0.889062 0.403125 0.892188 0.403125 0.893750 0.406250 0.896875 0.406250 0.898438 0.409375 0.901563 0.409375 0.903125 0.412500 0.906250 0.412500 0.907813 0.415625 0.910937 0.415625 0.912500 0.418750 0.915625 0.420312 0.920312 0.423438 0.923438 0.423438 0.925000 0.426563 0.928125 0.426563 0.929688 0.429688 0.932813 0.429688 0.934375 0.432812 0.937500 0.432812 0.939063 0.435937 0.942187 0.435937 0.943750 0.439063 0.946875 0.439063 0.948438 0.440625 0.950000 0.450000 0.950000 0.451562 0.951562 0.471875 0.951562 0.473438 0.953125 0.507812 0.953125 0.509375 0.951562 0.534375 0.951562 0.535937 0.950000 0.535937 0.948438 0.539062 0.945312 0.539062 0.943750 0.542188 0.940625 0.543750 0.935937 0.546875 0.932813 0.546875 0.931250 0.550000 0.928125 0.550000 0.926562 0.553125 0.923438 0.553125 0.921875 0.556250 0.918750 0.557813 0.914062 0.560937 0.910937 0.560937 0.909375 0.562500 0.907813 0.562500 0.898438 0.560937 0.896875 0.560937 0.876563 0.559375 0.875000 0.559375 0.856250 0.557813 0.854688 0.557813 0.845313 0.512500 0.800000 0.509375 0.800000 0.507812 0.798438 0.503125 0.798438 0.501563 0.796875 0.496875 0.796875 0.495312 0.795312 0.490625 0.795312 0.489063 0.793750 0.484375 0.793750 0.482812 0.792188 0.479687 0.792188 0.478125 0.793750 0.476562 0.793750 0.473438 0.796875 0.471875 0.796875 0.468750 0.800000 0.467187 0.800000 0.464062 0.803125 0.459375 0.804688 0.456250 0.807813 0.454688 0.807813 0.451562 0.810937 0.450000 0.810937 0.446875 0.814063 0.445312 0.814063 0.443750 0.815625 0.440625 0.815625 0.439063 0.814063 0.434375 0.814063 0.432812 0.812500
0 0.296875 0.676562 0.290625 0.676562 0.289062 0.678125 0.276562 0.678125 0.275000 0.679688 0.264062 0.679688 0.262500 0.681250 0.256250 0.681250 0.254688 0.679688 0.254688 0.678125 0.253125 0.676562 0.253125 0.675000 0.251563 0.673438 0.250000 0.675000 0.248438 0.675000 0.246875 0.676562 0.245312 0.676562 0.243750 0.678125 0.242188 0.678125 0.240625 0.679688 0.239063 0.679688 0.237500 0.681250 0.235937 0.681250 0.234375 0.682813 0.232813 0.682813 0.229687 0.685937 0.228125 0.685937 0.226562 0.687500 0.225000 0.687500 0.223438 0.689063 0.221875 0.689063 0.220312 0.690625 0.218750 0.690625 0.217188 0.692187 0.215625 0.692187 0.212500 0.695312 0.210938 0.695312 0.209375 0.696875 0.207813 0.696875 0.206250 0.698438 0.204687 0.698438 0.203125 0.700000 0.201563 0.700000 0.200000 0.701562 0.198437 0.701562 0.196875 0.703125 0.195312 0.703125 0.193750 0.704688 0.193750 0.706250 0.192188 0.707812 0.192188 0.709375 0.190625 0.710938 0.190625 0.714063 0.189062 0.715625 0.189062 0.718750 0.187500 0.720313 0.187500 0.721875 0.185938 0.723437 0.185938 0.726562 0.184375 0.728125 0.184375 0.729688 0.182812 0.731250 0.182812 0.734375 0.184375 0.735938 0.184375 0.740625 0.185938 0.742188 0.185938 0.745313 0.187500 0.746875 0.187500 0.750000 0.189062 0.751563 0.189062 0.756250 0.190625 0.757812 0.190625 0.760938 0.192188 0.762500 0.192188 0.764062 0.193750 0.765625 0.195312 0.765625 0.196875 0.767188 0.198437 0.767188 0.201563 0.770312 0.203125 0.770312 0.204687 0.771875 0.206250 0.771875 0.207813 0.773438 0.209375 0.773438 0.212500 0.776563 0.214062 0.776563 0.215625 0.778125 0.217188 0.778125 0.220312 0.781250 0.221875 0.781250 0.223438 0.782813 0.225000 0.782813 0.226562 0.784375 0.228125 0.784375 0.229687 0.785937 0.260937 0.785937 0.262500 0.784375 0.264062 0.784375 0.267188 0.781250 0.268750 0.781250 0.270313 0.779687 0.271875 0.779687 0.275000 0.776563 0.276562 0.776563 0.278125 0.775000 0.278125 0.773438 0.279687 0.771875 0.279687 0.770312 0.281250 0.768750 0.281250 0.765625 0.282813 0.764062 0.282813 0.762500 0.284375 0.760938 0.284375 0.757812 0.285938 0.756250 0.285938 0.753125 0.287500 0.751563 0.287500 0.750000 0.289062 0.748437 0.289062 0.745313 0.290625 0.743750 0.290625 0.742188 0.292187 0.740625 0.292187 0.737500 0.293750 0.735938 0.293750 0.734375 0.295312 0.732812 0.295312 0.729688 0.296875 0.728125 0.296875 0.725000 0.298438 0.723437 0.298438 0.721875 0.300000 0.720313 0.300000 0.717187 0.301563 0.715625 0.301563 0.714063 0.303125 0.712500 0.303125 0.709375 0.304688 0.707812 0.304688 0.706250 0.306250 0.704688 0.306250 0.701562 0.307812 0.700000 0.307812 0.696875 0.309375 0.695312 0.309375 0.693750 0.310937 0.692187 0.310937 0.690625
0 0.257812 0.504687 0.256250 0.504687 0.254688 0.503125 0.253125 0.503125 0.251563 0.501563 0.250000 0.501563 0.248438 0.500000 0.246875 0.500000 0.245312 0.498437 0.243750 0.498437 0.239063 0.495312 0.229687 0.495312 0.228125 0.493750 0.207813 0.493750 0.206250 0.492188 0.189062 0.492188 0.187500 0.493750 0.171875 0.493750 0.170313 0.495312 0.153125 0.495312 0.151562 0.496875 0.135937 0.496875 0.134375 0.498437 0.126562 0.498437 0.125000 0.500000 0.123438 0.500000 0.120313 0.503125 0.118750 0.503125 0.115625 0.506250 0.114062 0.506250 0.112500 0.507812 0.110937 0.507812 0.107813 0.510938 0.106250 0.510938 0.103125 0.514062 0.101562 0.514062 0.098437 0.517188 0.096875 0.517188 0.071875 0.542188 0.084375 0.560937 0.125000 0.560937 0.126562 0.559375 0.137500 0.559375 0.139063 0.557813 0.150000 0.557813 0.151562 0.556250 0.160938 0.556250 0.162500 0.554688 0.173437 0.554688 0.175000 0.553125 0.185938 0.553125 0.187500 0.551562 0.195312 0.551562 0.196875 0.550000 0.201563 0.550000 0.203125 0.548438 0.209375 0.548438 0.210938 0.546875 0.215625 0.546875 0.217188 0.545312 0.221875 0.545312 0.223438 0.543750 0.229687 0.543750 0.231250 0.542188 0.235937 0.542188 0.237500 0.540625 0.240625 0.540625 0.240625 0.539062 0.242188 0.537500 0.242188 0.535937 0.243750 0.534375 0.243750 0.532813 0.245312 0.531250 0.245312 0.529687 0.246875 0.528125 0.246875 0.526563 0.248438 0.525000 0.248438 0.523438 0.250000 0.521875 0.250000 0.520312 0.251563 0.518750 0.251563 0.517188 0.253125 0.515625 0.253125 0.514062 0.254688 0.512500 0.254688 0.510938 0.256250 0.509375 0.256250 0.507812 0.257812 0.506250
0 0.685937 0.500000 0.684375 0.500000 0.682813 0.498437 0.681250 0.498437 0.679688 0.496875 0.678125 0.496875 0.676562 0.495312 0.675000 0.495312 0.673438 0.493750 0.670312 0.493750 0.668750 0.492188 0.667188 0.492188 0.665625 0.490625 0.664062 0.490625 0.662500 0.489063 0.660937 0.489063 0.659375 0.487500 0.656250 0.487500 0.654687 0.489063 0.651563 0.489063 0.650000 0.490625 0.646875 0.490625 0.645312 0.492188 0.642188 0.492188 0.640625 0.493750 0.639062 0.493750 0.637500 0.495312 0.634375 0.495312 0.632812 0.496875 0.631250 0.496875 0.629687 0.498437 0.628125 0.498437 0.626563 0.500000 0.623437 0.500000 0.621875 0.501563 0.620313 0.501563 0.618750 0.503125 0.617188 0.503125 0.617188 0.504687 0.615625 0.506250 0.615625 0.510938 0.614062 0.512500 0.614062 0.526563 0.615625 0.528125 0.615625 0.529687 0.617188 0.531250 0.617188 0.532813 0.618750 0.534375 0.618750 0.535937 0.620313 0.537500 0.620313 0.539062 0.621875 0.540625 0.621875 0.542188 0.623437 0.543750 0.623437 0.545312 0.625000 0.546875 0.625000 0.548438 0.626563 0.550000 0.626563 0.551562 0.628125 0.553125 0.628125 0.554688 0.629687 0.556250 0.631250 0.556250 0.632812 0.557813 0.639062 0.557813 0.640625 0.556250 0.651563 0.556250 0.653125 0.554688 0.660937 0.554688 0.662500 0.553125 0.665625 0.553125 0.667188 0.551562 0.668750 0.551562 0.670312 0.550000 0.673438 0.550000 0.675000 0.548438 0.676562 0.548438 0.681250 0.543750 0.681250 0.542188 0.690625 0.532813 0.690625 0.531250 0.695312 0.526563 0.695312 0.517188 0.693750 0.515625 0.693750 0.514062 0.692187 0.512500 0.692187 0.510938 0.690625 0.509375 0.690625 0.507812 0.689063 0.506250 0.689063 0.504687 0.687500 0.503125 0.687500 0.501563
0 0.537500 0.453125 0.535937 0.453125 0.534375 0.451562 0.531250 0.451562 0.529687 0.450000 0.528125 0.450000 0.526563 0.448437 0.523438 0.448437 0.521875 0.446875 0.518750 0.446875 0.517188 0.445312 0.514062 0.445312 0.512500 0.443750 0.510938 0.443750 0.509375 0.442188 0.506250 0.442188 0.504687 0.440625 0.490625 0.440625 0.489063 0.442188 0.476562 0.442188 0.475000 0.443750 0.473438 0.443750 0.468750 0.448437 0.467187 0.448437 0.462500 0.453125 0.460938 0.453125 0.457813 0.456250 0.456250 0.456250 0.451562 0.460938 0.450000 0.460938 0.445312 0.465625 0.443750 0.465625 0.440625 0.468750 0.439063 0.468750 0.434375 0.473438 0.432812 0.473438 0.428125 0.478125 0.426563 0.478125 0.425000 0.479687 0.425000 0.487500 0.426563 0.489063 0.426563 0.495312 0.432812 0.495312 0.434375 0.496875 0.448437 0.496875 0.450000 0.498437 0.462500 0.498437 0.464062 0.500000 0.478125 0.500000 0.479687 0.501563 0.487500 0.501563 0.489063 0.500000 0.490625 0.500000 0.492188 0.498437 0.493750 0.498437 0.495312 0.496875 0.496875 0.496875 0.498437 0.495312 0.500000 0.495312 0.501563 0.493750 0.503125 0.493750 0.504687 0.492188 0.506250 0.492188 0.507812 0.490625 0.509375 0.490625 0.510938 0.489063 0.512500 0.489063 0.514062 0.487500 0.515625 0.487500 0.535937 0.467187 0.535937 0.460938 0.537500 0.459375
0 0.215625 0.410938 0.207813 0.403125 0.203125 0.403125 0.201563 0.401562 0.193750 0.401562 0.192188 0.403125 0.181250 0.403125 0.179688 0.404687 0.170313 0.404687 0.168750 0.406250 0.160938 0.406250 0.159375 0.407813 0.154688 0.407813 0.153125 0.409375 0.148438 0.409375 0.146875 0.410938 0.142187 0.410938 0.140625 0.412500 0.134375 0.412500 0.134375 0.414062 0.132812 0.415625 0.132812 0.418750 0.131250 0.420312 0.131250 0.423438 0.129688 0.425000 0.129688 0.426563 0.131250 0.426563 0.132812 0.428125 0.135937 0.428125 0.137500 0.429688 0.142187 0.429688 0.143750 0.431250 0.146875 0.431250 0.148438 0.432812 0.168750 0.432812 0.170313 0.431250 0.178125 0.431250 0.179688 0.429688 0.187500 0.429688 0.189062 0.428125 0.196875 0.428125 0.198437 0.426563 0.203125 0.426563 0.206250 0.423438 0.206250 0.421875 0.212500 0.415625 0.212500 0.414062
0 0.510938 0.381250 0.543750 0.381250 0.545312 0.379688 0.546875 0.379688 0.548438 0.378125 0.551562 0.378125 0.553125 0.376563 0.556250 0.376563 0.557813 0.375000 0.559375 0.375000 0.560937 0.373437 0.562500 0.373437 0.562500 0.365625 0.557813 0.360938 0.557813 0.359375 0.551562 0.353125 0.521875 0.353125 0.518750 0.356250 0.517188 0.356250 0.512500 0.360938 0.512500 0.370312 0.510938 0.371875
0 0.354687 0.284375 0.348438 0.284375 0.346875 0.285938 0.334375 0.285938 0.332813 0.287500 0.325000 0.287500 0.323437 0.289062 0.320312 0.289062 0.318750 0.290625 0.315625 0.290625 0.314063 0.292187 0.310937 0.292187 0.309375 0.293750 0.307812 0.293750 0.306250 0.295312 0.303125 0.295312 0.301563 0.296875 0.298438 0.296875 0.296875 0.298438 0.293750 0.298438 0.292187 0.300000 0.289062 0.300000 0.287500 0.301563 0.285938 0.301563 0.284375 0.303125 0.282813 0.303125 0.281250 0.304688 0.279687 0.304688 0.278125 0.306250 0.276562 0.306250 0.275000 0.307812 0.273438 0.307812 0.271875 0.309375 0.270313 0.309375 0.268750 0.310937 0.267188 0.310937 0.264062 0.314063 0.262500 0.314063 0.257812 0.318750 0.256250 0.318750 0.253125 0.321875 0.251563 0.321875 0.246875 0.326562 0.245312 0.326562 0.243750 0.328125 0.243750 0.329688 0.242188 0.331250 0.242188 0.335938 0.240625 0.337500 0.240625 0.340625 0.239063 0.342187 0.239063 0.343750 0.240625 0.343750 0.242188 0.345313 0.246875 0.345313 0.248438 0.343750 0.253125 0.343750 0.254688 0.342187 0.260937 0.342187 0.262500 0.340625 0.268750 0.340625 0.270313 0.339062 0.275000 0.339062 0.276562 0.337500 0.282813 0.337500 0.284375 0.335938 0.290625 0.335938 0.292187 0.334375 0.296875 0.334375 0.298438 0.332813 0.304688 0.332813 0.306250 0.331250 0.310937 0.331250 0.312500 0.329688 0.315625 0.329688 0.317188 0.328125 0.318750 0.328125 0.321875 0.325000 0.323437 0.325000 0.326562 0.321875 0.328125 0.321875 0.329688 0.320312 0.331250 0.320312 0.334375 0.317188 0.335938 0.317188 0.343750 0.309375 0.345313 0.309375 0.350000 0.304688 0.350000 0.301563 0.351562 0.300000 0.351562 0.295312 0.353125 0.293750 0.353125 0.289062 0.354687 0.287500
0 0.526563 0.289062 0.528125 0.290625 0.529687 0.290625 0.531250 0.292187 0.532813 0.292187 0.535937 0.295312 0.537500 0.295312 0.539062 0.296875 0.540625 0.296875 0.542188 0.298438 0.575000 0.298438 0.576562 0.296875 0.587500 0.296875 0.589063 0.295312 0.595313 0.295312 0.596875 0.293750 0.601562 0.293750 0.603125 0.292187 0.609375 0.292187 0.610938 0.290625 0.614062 0.290625 0.607812 0.284375 0.606250 0.284375 0.600000 0.278125 0.551562 0.278125 0.550000 0.279687 0.540625 0.279687 0.539062 0.281250 0.534375 0.281250
0 0.675000 0.210938 0.675000 0.212500 0.676562 0.212500 0.678125 0.214062 0.679688 0.214062 0.681250 0.215625 0.682813 0.215625 0.684375 0.217188 0.687500 0.217188 0.689063 0.218750 0.690625 0.218750 0.692187 0.220312 0.693750 0.220312 0.695312 0.221875 0.704688 0.221875 0.706250 0.223438 0.717187 0.223438 0.718750 0.221875 0.721875 0.221875 0.723437 0.220312 0.726562 0.220312 0.728125 0.218750 0.731250 0.218750 0.732812 0.217188 0.735938 0.217188 0.737500 0.215625 0.740625 0.215625 0.742188 0.214062 0.743750 0.214062 0.742188 0.212500 0.740625 0.212500 0.739062 0.210938 0.737500 0.210938 0.735938 0.209375 0.734375 0.209375 0.732812 0.207813 0.731250 0.207813 0.729688 0.206250 0.728125 0.206250 0.726562 0.204687 0.684375 0.204687 0.682813 0.203125 0.678125 0.203125 0.678125 0.204687 0.676562 0.206250 0.676562 0.209375
0 0.675000 0.162500 0.671875 0.159375 0.670312 0.159375 0.668750 0.157812 0.667188 0.157812 0.662500 0.154688 0.653125 0.154688 0.651563 0.153125 0.637500 0.153125 0.635938 0.154688 0.615625 0.154688 0.614062 0.156250 0.603125 0.156250 0.601562 0.157812 0.534375 0.157812 0.532813 0.159375 0.518750 0.159375 0.517188 0.160938 0.503125 0.160938 0.501563 0.162500 0.492188 0.162500 0.490625 0.164062 0.484375 0.164062 0.482812 0.165625 0.478125 0.165625 0.476562 0.167187 0.471875 0.167187 0.470313 0.168750 0.468750 0.168750 0.467187 0.170313 0.465625 0.170313 0.464062 0.171875 0.462500 0.171875 0.460938 0.173437 0.460938 0.187500 0.465625 0.187500 0.467187 0.189062 0.478125 0.189062 0.479687 0.190625 0.492188 0.190625 0.493750 0.189062 0.504687 0.189062 0.506250 0.187500 0.514062 0.187500 0.518750 0.184375 0.521875 0.184375 0.526563 0.181250 0.529687 0.181250 0.531250 0.179688 0.534375 0.179688 0.539062 0.176563 0.543750 0.176563 0.545312 0.175000 0.553125 0.175000 0.554688 0.173437 0.582812 0.173437 0.584375 0.175000 0.589063 0.175000 0.590625 0.176563 0.595313 0.176563 0.596875 0.178125 0.600000 0.178125 0.601562 0.179688 0.606250 0.179688 0.607812 0.181250 0.610938 0.181250 0.612500 0.182812 0.617188 0.182812 0.618750 0.184375 0.626563 0.184375 0.628125 0.185938 0.634375 0.185938 0.635938 0.184375 0.640625 0.184375 0.642188 0.182812 0.645312 0.182812 0.646875 0.181250 0.651563 0.181250 0.653125 0.179688 0.657813 0.179688 0.659375 0.178125 0.662500 0.178125 0.664062 0.176563 0.668750 0.176563 0.670312 0.175000 0.671875 0.175000 0.671875 0.173437 0.673438 0.171875 0.673438 0.167187 0.675000 0.165625
