0 0.239063 0.956250 0.239063 0.959375 0.240625 0.960938 0.248438 0.960938 0.250000 0.962500 0.256250 0.962500 0.257812 0.964063 0.265625 0.964063 0.267188 0.965625 0.275000 0.965625 0.276562 0.967187 0.282813 0.967187 0.284375 0.968750 0.292187 0.968750 0.293750 0.970313 0.300000 0.970313 0.301563 0.971875 0.309375 0.971875 0.310937 0.973437 0.318750 0.973437 0.320312 0.975000 0.326562 0.975000 0.328125 0.976562 0.335938 0.976562 0.337500 0.978125 0.345313 0.978125 0.346875 0.979688 0.353125 0.979688 0.354687 0.981250 0.362500 0.981250 0.364063 0.982812 0.370312 0.982812 0.371875 0.984375 0.379688 0.984375 0.381250 0.985938 0.389062 0.985938 0.390625 0.987500 0.396875 0.987500 0.398438 0.989062 0.400000 0.989062 0.398438 0.987500 0.398438 0.981250 0.395313 0.976562 0.396875 0.975000 0.395313 0.973437 0.395313 0.971875 0.392188 0.967187 0.393750 0.965625 0.390625 0.962500 0.390625 0.956250 0.389062 0.954688 0.389062 0.953125 0.385937 0.950000 0.387500 0.948438 0.384375 0.943750 0.384375 0.939063 0.376563 0.931250 0.376563 0.928125 0.370312 0.921875 0.370312 0.920312 0.367188 0.917188 0.367188 0.915625 0.362500 0.910937 0.362500 0.909375 0.359375 0.904687 0.359375 0.900000 0.356250 0.896875 0.356250 0.895312 0.354687 0.893750 0.354687 0.890625 0.351562 0.885938 0.351562 0.882812 0.350000 0.881250 0.348438 0.881250 0.345313 0.878125 0.345313 0.876563 0.343750 0.876563 0.340625 0.873437 0.340625 0.871875 0.339062 0.871875 0.335938 0.868750 0.335938 0.867188 0.334375 0.867188 0.328125 0.860938 0.326562 0.862500 0.323437 0.862500 0.321875 0.864062 0.320312 0.864062 0.318750 0.862500 0.317188 0.864062 0.314063 0.864062 0.312500 0.865625 0.310937 0.865625 0.309375 0.864062 0.304688 0.867188 0.303125 0.867188 0.301563 0.865625 0.300000 0.867188 0.298438 0.867188 0.292187 0.873437 0.292187 0.875000 0.285938 0.881250 0.285938 0.882812 0.282813 0.885938 0.281250 0.885938 0.281250 0.887500 0.279687 0.889062 0.278125 0.893750 0.276562 0.895312 0.275000 0.895312 0.273438 0.900000 0.270313 0.903125 0.270313 0.904687 0.268750 0.906250 0.268750 0.909375 0.265625 0.912500 0.265625 0.914062 0.264062 0.915625 0.264062 0.918750 0.262500 0.920312 0.260937 0.920312 0.260937 0.921875 0.259375 0.923438 0.259375 0.926562 0.254688 0.931250 0.253125 0.935937 0.251563 0.937500 0.250000 0.937500 0.250000 0.939063 0.248438 0.940625 0.248438 0.943750 0.246875 0.945312 0.245312 0.945312 0.245312 0.948438 0.243750 0.950000 0.243750 0.951562
0 0.898438 0.789062 0.896875 0.790625 0.896875 0.793750 0.895312 0.795312 0.895312 0.796875 0.892188 0.800000 0.892188 0.804688 0.890625 0.806250 0.890625 0.807813 0.892188 0.809375 0.892188 0.814063 0.890625 0.815625 0.890625 0.820312 0.892188 0.821875 0.892188 0.823438 0.890625 0.825000 0.890625 0.829688 0.892188 0.831250 0.890625 0.832812 0.890625 0.840625 0.889062 0.842187 0.889062 0.843750 0.890625 0.845313 0.890625 0.850000 0.889062 0.851562 0.889062 0.857812 0.887500 0.859375 0.887500 0.860938 0.889062 0.862500 0.889062 0.867188 0.887500 0.868750 0.887500 0.873437 0.889062 0.875000 0.889062 0.876563 0.887500 0.878125 0.887500 0.881250 0.889062 0.882812 0.889062 0.884375 0.887500 0.885938 0.887500 0.889062 0.889062 0.890625 0.889062 0.893750 0.887500 0.895312 0.889062 0.896875 0.889062 0.903125 0.887500 0.904687 0.889062 0.906250 0.889062 0.926562 0.890625 0.928125 0.890625 0.929688 0.889062 0.931250 0.889062 0.932813 0.890625 0.934375 0.890625 0.946875 0.889062 0.948438 0.890625 0.950000 0.890625 0.956250 0.889062 0.957812 0.889062 0.964063 0.890625 0.965625 0.889062 0.967187 0.889062 0.973437 0.887500 0.975000 0.887500 0.979688 0.889062 0.981250 0.889062 0.982812 0.887500 0.984375 0.887500 0.989062 0.889062 0.990625 0.889062 0.992188 0.887500 0.993750 0.889062 0.995313 0.889062 0.998437 0.917188 0.998437 0.917188 0.996875 0.918750 0.995313 0.918750 0.987500 0.920312 0.985938 0.920312 0.978125 0.921875 0.976562 0.921875 0.970313 0.923438 0.968750 0.923438 0.960938 0.925000 0.959375 0.925000 0.953125 0.926562 0.951562 0.926562 0.943750 0.928125 0.942187 0.928125 0.934375 0.929688 0.932813 0.929688 0.926562 0.931250 0.925000 0.931250 0.917188 0.932813 0.915625 0.932813 0.907813 0.934375 0.906250 0.934375 0.900000 0.935937 0.898438 0.935937 0.890625 0.937500 0.889062 0.937500 0.882812 0.939063 0.881250 0.939063 0.873437 0.940625 0.871875 0.940625 0.864062 0.942187 0.862500 0.942187 0.856250 0.943750 0.854688 0.943750 0.851562 0.940625 0.846875 0.942187 0.845313 0.939063 0.842187 0.939063 0.840625 0.937500 0.839063 0.937500 0.834375 0.934375 0.829688 0.934375 0.826562 0.931250 0.823438 0.931250 0.821875 0.929688 0.820312 0.929688 0.817187 0.923438 0.809375 0.923438 0.807813 0.921875 0.806250 0.921875 0.803125 0.917188 0.798438 0.915625 0.798438 0.912500 0.795312 0.910937 0.795312 0.909375 0.793750 0.906250 0.793750 0.904687 0.792188 0.904687 0.790625 0.901563 0.790625 0.900000 0.789062
0 0.414062 0.590625 0.404687 0.620313 0.406250 0.621875 0.406250 0.628125 0.404687 0.629687 0.406250 0.631250 0.406250 0.637500 0.404687 0.639062 0.406250 0.640625 0.406250 0.646875 0.404687 0.648438 0.406250 0.650000 0.406250 0.660937 0.407813 0.662500 0.406250 0.667188 0.407813 0.668750 0.407813 0.681250 0.409375 0.682813 0.407813 0.684375 0.414062 0.692187 0.412500 0.693750 0.415625 0.696875 0.417187 0.704688 0.421875 0.709375 0.420312 0.710938 0.448437 0.748437 0.481250 0.759375 0.484375 0.757812 0.496875 0.759375 0.498437 0.760938 0.506250 0.759375 0.510938 0.764062 0.515625 0.765625 0.526563 0.776563 0.531250 0.778125 0.540625 0.789062 0.545312 0.790625 0.557813 0.803125 0.562500 0.801562 0.567187 0.803125 0.570312 0.801562 0.575000 0.803125 0.582812 0.801562 0.584375 0.803125 0.592187 0.800000 0.593750 0.801562 0.601562 0.796875 0.606250 0.798438 0.610938 0.795312 0.612500 0.796875 0.618750 0.793750 0.620313 0.796875 0.635938 0.806250 0.639062 0.810937 0.653125 0.815625 0.656250 0.818750 0.659375 0.818750 0.662500 0.815625 0.664062 0.817187 0.668750 0.812500 0.673438 0.812500 0.690625 0.801562 0.692187 0.803125 0.698438 0.796875 0.712500 0.773438 0.715625 0.771875 0.715625 0.765625 0.718750 0.762500 0.718750 0.756250 0.721875 0.754687 0.721875 0.748437 0.725000 0.745313 0.725000 0.739062 0.728125 0.737500 0.728125 0.723437 0.726562 0.721875 0.728125 0.718750 0.726562 0.712500 0.728125 0.710938 0.725000 0.703125 0.726562 0.701562 0.726562 0.696875 0.725000 0.695312 0.726562 0.692187 0.723437 0.684375 0.725000 0.682813 0.723437 0.678125 0.725000 0.675000 0.721875 0.667188 0.723437 0.665625 0.721875 0.660937 0.723437 0.656250 0.720313 0.648438 0.721875 0.645312 0.718750 0.634375 0.720313 0.629687 0.717187 0.623437 0.718750 0.620313 0.715625 0.615625 0.715625 0.609375 0.710938 0.603125 0.712500 0.601562 0.707812 0.595313 0.709375 0.592187 0.704688 0.585938 0.706250 0.584375 0.701562 0.576562 0.701562 0.573438 0.693750 0.565625 0.693750 0.562500 0.687500 0.556250 0.685937 0.551562 0.678125 0.548438 0.668750 0.539062 0.657813 0.534375 0.645312 0.532813 0.642188 0.529687 0.635938 0.529687 0.625000 0.525000 0.620313 0.525000 0.618750 0.526563 0.617188 0.525000 0.612500 0.525000 0.610938 0.526563 0.607812 0.525000 0.603125 0.525000 0.601562 0.526563 0.596875 0.525000 0.592187 0.528125 0.589063 0.526563 0.582812 0.529687 0.581250 0.528125 0.573438 0.531250 0.570312 0.529687 0.565625 0.532813 0.562500 0.531250 0.556250 0.534375 0.553125 0.532813 0.546875 0.535937 0.542188 0.534375 0.540625 0.535937 0.506250 0.540625 0.501563 0.543750 0.498437 0.542188 0.493750 0.545312 0.489063 0.545312 0.484375 0.548438 0.479687 0.546875 0.475000 0.550000 0.470313 0.550000 0.464062 0.554688 0.460938 0.554688 0.454688 0.562500 0.451562 0.562500 0.445312 0.570312 0.442188 0.570312 0.434375 0.579688 0.432812 0.578125 0.425000 0.585938 0.423438 0.584375
0 0.726562 0.484375 0.725000 0.485938 0.725000 0.487500 0.723437 0.489063 0.721875 0.489063 0.720313 0.490625 0.720313 0.492188 0.715625 0.496875 0.714063 0.496875 0.714063 0.498437 0.712500 0.500000 0.714063 0.501563 0.715625 0.501563 0.718750 0.504687 0.717187 0.506250 0.718750 0.507812 0.720313 0.507812 0.726562 0.514062 0.726562 0.518750 0.731250 0.523438 0.731250 0.525000 0.732812 0.525000 0.734375 0.526563 0.734375 0.528125 0.737500 0.531250 0.739062 0.531250 0.740625 0.532813 0.740625 0.534375 0.742188 0.535937 0.742188 0.537500 0.743750 0.537500 0.746875 0.540625 0.748437 0.540625 0.750000 0.542188 0.750000 0.543750 0.751563 0.543750 0.753125 0.545312 0.757812 0.545312 0.759375 0.546875 0.759375 0.548438 0.762500 0.548438 0.764062 0.550000 0.765625 0.550000 0.768750 0.553125 0.775000 0.553125 0.776563 0.554688 0.778125 0.553125 0.782813 0.553125 0.784375 0.554688 0.785937 0.553125 0.785937 0.551562 0.790625 0.546875 0.792188 0.546875 0.792188 0.545312 0.793750 0.543750 0.792188 0.542188 0.792188 0.540625 0.790625 0.539062 0.792188 0.537500 0.790625 0.535937 0.790625 0.534375 0.789062 0.532813 0.789062 0.531250 0.787500 0.529687 0.789062 0.528125 0.785937 0.525000 0.785937 0.523438 0.784375 0.523438 0.782813 0.521875 0.781250 0.521875 0.779687 0.520312 0.779687 0.518750 0.776563 0.515625 0.775000 0.515625 0.770312 0.510938 0.770312 0.507812 0.768750 0.506250 0.767188 0.506250 0.762500 0.501563 0.762500 0.500000 0.759375 0.496875 0.757812 0.496875 0.756250 0.495312 0.754687 0.495312 0.751563 0.492188 0.746875 0.492188 0.745313 0.490625 0.745313 0.489063 0.742188 0.489063 0.740625 0.487500 0.737500 0.487500 0.735938 0.485938 0.728125 0.485938
0 0.879687 0.482812 0.876563 0.485938 0.876563 0.489063 0.871875 0.493750 0.871875 0.496875 0.864062 0.504687 0.864062 0.506250 0.860938 0.509375 0.859375 0.509375 0.859375 0.514062 0.856250 0.518750 0.856250 0.523438 0.853125 0.526563 0.853125 0.534375 0.851562 0.535937 0.850000 0.535937 0.850000 0.540625 0.851562 0.542188 0.851562 0.545312 0.856250 0.550000 0.856250 0.553125 0.857812 0.554688 0.857812 0.556250 0.864062 0.562500 0.862500 0.564063 0.864062 0.565625 0.864062 0.567187 0.867188 0.570312 0.868750 0.575000 0.871875 0.578125 0.871875 0.582812 0.873437 0.584375 0.873437 0.585938 0.876563 0.589063 0.875000 0.590625 0.876563 0.592187 0.876563 0.593750 0.879687 0.596875 0.879687 0.601562 0.885938 0.607812 0.885938 0.610938 0.887500 0.612500 0.887500 0.614062 0.890625 0.617188 0.890625 0.618750 0.892188 0.620313 0.892188 0.621875 0.895312 0.625000 0.895312 0.626563 0.896875 0.628125 0.901563 0.629687 0.903125 0.631250 0.903125 0.632812 0.907813 0.634375 0.910937 0.637500 0.910937 0.639062 0.914062 0.642188 0.914062 0.643750 0.917188 0.646875 0.917188 0.648438 0.918750 0.650000 0.920312 0.650000 0.921875 0.651563 0.926562 0.651563 0.928125 0.653125 0.928125 0.654687 0.934375 0.654687 0.935937 0.656250 0.935937 0.657813 0.940625 0.657813 0.948438 0.662500 0.951562 0.662500 0.951562 0.660937 0.956250 0.657813 0.957812 0.653125 0.964063 0.646875 0.964063 0.645312 0.968750 0.640625 0.968750 0.639062 0.971875 0.634375 0.973437 0.635938 0.981250 0.635938 0.982812 0.634375 0.982812 0.628125 0.984375 0.626563 0.984375 0.618750 0.985938 0.617188 0.985938 0.609375 0.987500 0.607812 0.987500 0.601562 0.989062 0.600000 0.989062 0.592187 0.990625 0.590625 0.990625 0.584375 0.992188 0.582812 0.992188 0.575000 0.993750 0.573438 0.993750 0.565625 0.995313 0.564063 0.995313 0.557813 0.996875 0.556250 0.996875 0.548438 0.998437 0.546875 0.998437 0.543750 0.995313 0.540625 0.995313 0.537500 0.990625 0.532813 0.990625 0.531250 0.989062 0.529687 0.990625 0.528125 0.982812 0.520312 0.982812 0.517188 0.981250 0.517188 0.975000 0.510938 0.975000 0.509375 0.973437 0.507812 0.968750 0.506250 0.965625 0.503125 0.965625 0.501563 0.964063 0.500000 0.959375 0.498437 0.957812 0.496875 0.957812 0.495312 0.954688 0.495312 0.950000 0.492188 0.946875 0.492188 0.945312 0.490625 0.942187 0.490625 0.937500 0.487500 0.934375 0.487500 0.932813 0.485938 0.929688 0.485938 0.928125 0.484375 0.925000 0.484375 0.923438 0.482812 0.917188 0.482812 0.915625 0.481250 0.915625 0.479687 0.892188 0.479687 0.890625 0.481250 0.885938 0.481250 0.881250 0.484375
0 0.843750 0.382812 0.843750 0.385937 0.845313 0.387500 0.845313 0.395313 0.846875 0.396875 0.846875 0.398438 0.851562 0.403125 0.851562 0.404687 0.853125 0.406250 0.854688 0.406250 0.856250 0.407813 0.857812 0.407813 0.859375 0.409375 0.859375 0.410938 0.860938 0.412500 0.862500 0.412500 0.864062 0.414062 0.865625 0.414062 0.870313 0.418750 0.871875 0.418750 0.873437 0.420312 0.875000 0.420312 0.878125 0.423438 0.884375 0.423438 0.885938 0.425000 0.885938 0.426563 0.890625 0.426563 0.893750 0.429688 0.895312 0.429688 0.901563 0.423438 0.904687 0.423438 0.909375 0.418750 0.909375 0.417187 0.907813 0.415625 0.909375 0.414062 0.909375 0.410938 0.907813 0.409375 0.907813 0.407813 0.906250 0.406250 0.906250 0.404687 0.904687 0.403125 0.904687 0.401562 0.903125 0.400000 0.901563 0.400000 0.898438 0.396875 0.898438 0.395313 0.895312 0.392188 0.895312 0.390625 0.893750 0.390625 0.890625 0.387500 0.890625 0.385937 0.889062 0.385937 0.887500 0.384375 0.887500 0.382812 0.882812 0.382812 0.879687 0.379688 0.873437 0.379688 0.870313 0.376563 0.859375 0.376563 0.856250 0.379688 0.851562 0.379688 0.848437 0.382812
0 0.518750 0.376563 0.518750 0.385937 0.520312 0.387500 0.520312 0.389062 0.518750 0.390625 0.518750 0.392188 0.520312 0.393750 0.520312 0.396875 0.521875 0.398438 0.520312 0.400000 0.520312 0.401562 0.521875 0.403125 0.521875 0.406250 0.523438 0.407813 0.525000 0.407813 0.526563 0.409375 0.528125 0.409375 0.529687 0.410938 0.529687 0.412500 0.537500 0.412500 0.539062 0.414062 0.542188 0.414062 0.543750 0.412500 0.545312 0.412500 0.546875 0.414062 0.554688 0.414062 0.556250 0.415625 0.559375 0.415625 0.560937 0.414062 0.564063 0.414062 0.565625 0.415625 0.567187 0.414062 0.570312 0.414062 0.573438 0.410938 0.575000 0.412500 0.576562 0.410938 0.578125 0.410938 0.579688 0.409375 0.579688 0.406250 0.578125 0.404687 0.579688 0.403125 0.579688 0.398438 0.578125 0.396875 0.578125 0.395313 0.579688 0.393750 0.578125 0.392188 0.576562 0.392188 0.575000 0.390625 0.575000 0.389062 0.567187 0.381250 0.567187 0.379688 0.565625 0.379688 0.564063 0.378125 0.559375 0.378125 0.557813 0.376563 0.557813 0.375000 0.551562 0.375000 0.550000 0.373437 0.542188 0.373437 0.540625 0.371875 0.534375 0.371875 0.532813 0.373437 0.531250 0.371875 0.528125 0.371875 0.526563 0.373437 0.521875 0.373437
0 0.398438 0.379688 0.398438 0.381250 0.400000 0.382812 0.400000 0.393750 0.401562 0.395313 0.400000 0.396875 0.401562 0.398438 0.401562 0.400000 0.403125 0.401562 0.404687 0.401562 0.407813 0.404687 0.412500 0.404687 0.414062 0.406250 0.414062 0.407813 0.420312 0.407813 0.423438 0.410938 0.428125 0.410938 0.431250 0.414062 0.435937 0.414062 0.437500 0.415625 0.439063 0.415625 0.440625 0.417187 0.446875 0.417187 0.448437 0.415625 0.450000 0.417187 0.456250 0.417187 0.457813 0.418750 0.459375 0.418750 0.460938 0.417187 0.465625 0.417187 0.467187 0.418750 0.468750 0.417187 0.468750 0.415625 0.476562 0.407813 0.476562 0.404687 0.478125 0.403125 0.478125 0.398438 0.476562 0.396875 0.476562 0.395313 0.478125 0.393750 0.478125 0.387500 0.479687 0.385937 0.478125 0.384375 0.478125 0.382812 0.475000 0.379688 0.475000 0.376563 0.470313 0.371875 0.468750 0.371875 0.467187 0.370312 0.462500 0.370312 0.460938 0.368750 0.459375 0.368750 0.457813 0.367188 0.437500 0.367188 0.435937 0.368750 0.434375 0.367188 0.432812 0.367188 0.431250 0.365625 0.429688 0.365625 0.426563 0.362500 0.425000 0.364063 0.421875 0.364063 0.420312 0.365625 0.415625 0.365625 0.414062 0.367188 0.412500 0.367188 0.407813 0.371875 0.406250 0.371875 0.403125 0.375000 0.403125 0.376563 0.400000 0.379688
0 0.954688 0.354687 0.954688 0.356250 0.951562 0.359375 0.951562 0.365625 0.953125 0.367188 0.953125 0.368750 0.957812 0.373437 0.957812 0.375000 0.960938 0.378125 0.960938 0.379688 0.962500 0.379688 0.964063 0.381250 0.968750 0.381250 0.970313 0.382812 0.970313 0.384375 0.973437 0.384375 0.975000 0.385937 0.976562 0.385937 0.979688 0.389062 0.984375 0.389062 0.985938 0.390625 0.985938 0.392188 0.990625 0.392188 0.992188 0.393750 0.993750 0.393750 0.995313 0.395313 0.995313 0.396875 0.998437 0.396875 0.998437 0.359375 0.995313 0.356250 0.990625 0.356250 0.989062 0.354687 0.989062 0.353125 0.985938 0.353125 0.984375 0.351562 0.975000 0.351562 0.973437 0.353125 0.971875 0.353125 0.970313 0.351562 0.968750 0.353125 0.957812 0.353125 0.956250 0.354687
0 0.732812 0.340625 0.734375 0.342187 0.734375 0.343750 0.735938 0.345313 0.734375 0.346875 0.737500 0.350000 0.737500 0.351562 0.739062 0.353125 0.739062 0.356250 0.742188 0.359375 0.743750 0.359375 0.745313 0.360938 0.746875 0.360938 0.748437 0.362500 0.748437 0.364063 0.750000 0.365625 0.751563 0.365625 0.753125 0.367188 0.754687 0.367188 0.756250 0.368750 0.756250 0.370312 0.764062 0.370312 0.765625 0.371875 0.771875 0.371875 0.773438 0.373437 0.782813 0.373437 0.784375 0.371875 0.784375 0.370312 0.787500 0.367188 0.789062 0.367188 0.798438 0.357812 0.798438 0.356250 0.796875 0.354687 0.796875 0.350000 0.795312 0.348438 0.795312 0.346875 0.793750 0.345313 0.793750 0.343750 0.792188 0.342187 0.787500 0.342187 0.784375 0.339062 0.781250 0.339062 0.779687 0.337500 0.778125 0.337500 0.776563 0.335938 0.773438 0.335938 0.771875 0.334375 0.768750 0.334375 0.767188 0.332813 0.764062 0.332813 0.762500 0.334375 0.759375 0.334375 0.757812 0.332813 0.754687 0.332813 0.753125 0.334375 0.751563 0.334375 0.750000 0.332813 0.740625 0.332813
0 0.484375 0.298438 0.485938 0.300000 0.485938 0.303125 0.487500 0.304688 0.487500 0.309375 0.489063 0.310937 0.489063 0.312500 0.490625 0.314063 0.492188 0.314063 0.493750 0.315625 0.493750 0.317188 0.496875 0.320312 0.498437 0.320312 0.504687 0.326562 0.507812 0.326562 0.512500 0.331250 0.515625 0.331250 0.520312 0.335938 0.526563 0.335938 0.528125 0.337500 0.529687 0.335938 0.534375 0.335938 0.535937 0.337500 0.539062 0.337500 0.540625 0.335938 0.542188 0.335938 0.543750 0.334375 0.545312 0.334375 0.546875 0.332813 0.548438 0.332813 0.551562 0.329688 0.553125 0.329688 0.550000 0.326562 0.550000 0.325000 0.546875 0.321875 0.546875 0.320312 0.545312 0.318750 0.545312 0.317188 0.543750 0.315625 0.543750 0.314063 0.542188 0.312500 0.542188 0.310937 0.540625 0.310937 0.537500 0.307812 0.535937 0.307812 0.534375 0.306250 0.531250 0.306250 0.529687 0.304688 0.529687 0.303125 0.521875 0.303125 0.520312 0.301563 0.512500 0.301563 0.510938 0.300000 0.504687 0.300000 0.503125 0.298438
0 0.621875 0.295312 0.621875 0.298438 0.623437 0.300000 0.621875 0.301563 0.621875 0.304688 0.623437 0.306250 0.623437 0.307812 0.621875 0.309375 0.621875 0.310937 0.623437 0.312500 0.623437 0.323437 0.625000 0.325000 0.625000 0.329688 0.626563 0.331250 0.626563 0.334375 0.628125 0.335938 0.628125 0.337500 0.631250 0.340625 0.631250 0.342187 0.634375 0.345313 0.634375 0.348438 0.635938 0.350000 0.640625 0.350000 0.642188 0.351562 0.645312 0.351562 0.646875 0.353125 0.650000 0.353125 0.651563 0.354687 0.656250 0.354687 0.659375 0.357812 0.659375 0.359375 0.662500 0.356250 0.664062 0.356250 0.667188 0.353125 0.668750 0.353125 0.673438 0.348438 0.675000 0.348438 0.676562 0.346875 0.678125 0.346875 0.678125 0.345313 0.676562 0.343750 0.676562 0.342187 0.678125 0.340625 0.678125 0.339062 0.676562 0.337500 0.676562 0.335938 0.675000 0.334375 0.675000 0.329688 0.670312 0.325000 0.670312 0.320312 0.668750 0.318750 0.668750 0.317188 0.665625 0.314063 0.667188 0.312500 0.665625 0.310937 0.665625 0.309375 0.664062 0.307812 0.664062 0.306250 0.662500 0.304688 0.664062 0.303125 0.662500 0.301563 0.662500 0.298438 0.660937 0.296875 0.656250 0.296875 0.654687 0.295312 0.646875 0.295312 0.645312 0.293750 0.632812 0.293750 0.631250 0.295312 0.629687 0.295312 0.628125 0.293750 0.626563 0.293750 0.625000 0.295312
0 0.735938 0.289062 0.737500 0.290625 0.737500 0.292187 0.735938 0.293750 0.739062 0.296875 0.739062 0.298438 0.740625 0.300000 0.742188 0.300000 0.746875 0.304688 0.748437 0.304688 0.750000 0.306250 0.751563 0.306250 0.753125 0.307812 0.760938 0.307812 0.762500 0.309375 0.762500 0.310937 0.768750 0.310937 0.770312 0.312500 0.773438 0.312500 0.775000 0.310937 0.778125 0.310937 0.779687 0.312500 0.781250 0.310937 0.782813 0.310937 0.782813 0.309375 0.781250 0.307812 0.781250 0.306250 0.782813 0.304688 0.781250 0.303125 0.781250 0.301563 0.779687 0.300000 0.779687 0.296875 0.778125 0.295312 0.776563 0.295312 0.775000 0.293750 0.773438 0.293750 0.768750 0.289062 0.764062 0.289062 0.762500 0.287500 0.762500 0.285938 0.754687 0.285938 0.753125 0.284375 0.746875 0.284375 0.745313 0.282813 0.743750 0.282813 0.742188 0.284375 0.740625 0.284375 0.739062 0.285938 0.739062 0.287500 0.737500 0.289062
0 0.317188 0.290625 0.315625 0.289062 0.315625 0.287500 0.312500 0.284375 0.312500 0.281250 0.310937 0.279687 0.309375 0.279687 0.307812 0.278125 0.301563 0.278125 0.300000 0.276562 0.296875 0.276562 0.295312 0.278125 0.292187 0.278125 0.290625 0.276562 0.285938 0.276562 0.284375 0.278125 0.278125 0.278125 0.276562 0.279687 0.265625 0.279687 0.264062 0.278125 0.262500 0.279687 0.256250 0.279687 0.254688 0.278125 0.250000 0.278125 0.248438 0.279687 0.246875 0.279687 0.245312 0.278125 0.240625 0.278125 0.239063 0.279687 0.237500 0.278125 0.235937 0.279687 0.234375 0.279687 0.232813 0.281250 0.231250 0.281250 0.229687 0.282813 0.228125 0.281250 0.226562 0.281250 0.225000 0.282813 0.223438 0.282813 0.221875 0.284375 0.220312 0.284375 0.218750 0.282813 0.217188 0.284375 0.215625 0.284375 0.212500 0.287500 0.209375 0.287500 0.206250 0.290625 0.203125 0.290625 0.201563 0.292187 0.200000 0.292187 0.198437 0.293750 0.198437 0.295312 0.195312 0.298438 0.193750 0.298438 0.187500 0.304688 0.187500 0.306250 0.185938 0.307812 0.184375 0.307812 0.182812 0.309375 0.181250 0.309375 0.181250 0.310937 0.179688 0.312500 0.179688 0.314063 0.176563 0.317188 0.176563 0.321875 0.175000 0.323437 0.175000 0.325000 0.173437 0.326562 0.173437 0.331250 0.176563 0.331250 0.179688 0.334375 0.185938 0.334375 0.189062 0.337500 0.195312 0.337500 0.196875 0.339062 0.196875 0.340625 0.204687 0.340625 0.206250 0.342187 0.214062 0.342187 0.215625 0.343750 0.221875 0.343750 0.223438 0.345313 0.231250 0.345313 0.232813 0.346875 0.239063 0.346875 0.240625 0.348438 0.243750 0.348438 0.245312 0.346875 0.251563 0.346875 0.253125 0.345313 0.254688 0.345313 0.256250 0.343750 0.262500 0.343750 0.264062 0.342187 0.265625 0.342187 0.267188 0.340625 0.268750 0.342187 0.270313 0.340625 0.273438 0.340625 0.275000 0.339062 0.279687 0.339062 0.281250 0.337500 0.282813 0.337500 0.284375 0.335938 0.284375 0.334375 0.285938 0.332813 0.289062 0.332813 0.289062 0.331250 0.292187 0.328125 0.292187 0.326562 0.293750 0.325000 0.295312 0.325000 0.296875 0.323437 0.296875 0.321875 0.298438 0.320312 0.298438 0.318750 0.303125 0.314063 0.303125 0.312500 0.304688 0.310937 0.304688 0.309375 0.306250 0.307812 0.309375 0.307812 0.309375 0.306250 0.312500 0.303125 0.312500 0.301563 0.314063 0.300000 0.315625 0.300000 0.317188 0.298438 0.317188 0.293750 0.315625 0.292187
0 0.504687 0.264062 0.506250 0.265625 0.506250 0.270313 0.507812 0.271875 0.506250 0.273438 0.507812 0.273438 0.509375 0.275000 0.514062 0.275000 0.515625 0.276562 0.515625 0.278125 0.518750 0.278125 0.520312 0.276562 0.521875 0.276562 0.523438 0.278125 0.525000 0.276562 0.528125 0.276562 0.529687 0.275000 0.537500 0.275000 0.539062 0.273438 0.545312 0.273438 0.546875 0.271875 0.548438 0.271875 0.550000 0.270313 0.551562 0.271875 0.554688 0.268750 0.556250 0.268750 0.557813 0.267188 0.560937 0.267188 0.559375 0.265625 0.559375 0.264062 0.557813 0.264062 0.551562 0.257812 0.551562 0.256250 0.550000 0.254688 0.548438 0.254688 0.546875 0.253125 0.543750 0.253125 0.542188 0.251563 0.540625 0.253125 0.535937 0.253125 0.534375 0.251563 0.529687 0.251563 0.528125 0.253125 0.526563 0.253125 0.525000 0.251563 0.518750 0.251563 0.517188 0.253125 0.515625 0.251563 0.512500 0.251563 0.512500 0.253125 0.507812 0.257812 0.507812 0.259375 0.506250 0.260937 0.506250 0.262500
0 0.039062 0.250000 0.037500 0.250000 0.037500 0.256250 0.035937 0.257812 0.035937 0.265625 0.034375 0.267188 0.034375 0.275000 0.032813 0.276562 0.032813 0.282813 0.031250 0.284375 0.031250 0.292187 0.029687 0.293750 0.029687 0.300000 0.028125 0.301563 0.028125 0.309375 0.026562 0.310937 0.026562 0.318750 0.025000 0.320312 0.025000 0.326562 0.023438 0.328125 0.023438 0.335938 0.021875 0.337500 0.021875 0.345313 0.020313 0.346875 0.020313 0.353125 0.018750 0.354687 0.018750 0.362500 0.017188 0.364063 0.017188 0.370312 0.015625 0.371875 0.015625 0.379688 0.014063 0.381250 0.014063 0.389062 0.012500 0.390625 0.012500 0.396875 0.010937 0.398438 0.010937 0.406250 0.009375 0.407813 0.009375 0.415625 0.007812 0.417187 0.007812 0.423438 0.006250 0.425000 0.006250 0.432812 0.004687 0.434375 0.004687 0.437500 0.009375 0.432812 0.012500 0.432812 0.018750 0.426563 0.020313 0.426563 0.021875 0.425000 0.025000 0.425000 0.028125 0.421875 0.029687 0.421875 0.034375 0.417187 0.035937 0.417187 0.043750 0.409375 0.045312 0.409375 0.045312 0.407813 0.046875 0.406250 0.048438 0.406250 0.051562 0.401562 0.053125 0.401562 0.053125 0.400000 0.056250 0.396875 0.056250 0.395313 0.059375 0.392188 0.060937 0.392188 0.060937 0.390625 0.064062 0.387500 0.064062 0.385937 0.068750 0.382812 0.068750 0.381250 0.081250 0.367188 0.082812 0.367188 0.087500 0.362500 0.090625 0.362500 0.093750 0.359375 0.096875 0.359375 0.104688 0.351562 0.107813 0.351562 0.107813 0.350000 0.115625 0.342187 0.115625 0.340625 0.117188 0.339062 0.117188 0.337500 0.120313 0.332813 0.120313 0.328125 0.121875 0.326562 0.123438 0.326562 0.123438 0.320312 0.125000 0.318750 0.125000 0.317188 0.123438 0.315625 0.123438 0.310937 0.125000 0.309375 0.125000 0.307812 0.123438 0.306250 0.123438 0.298438 0.120313 0.295312 0.120313 0.293750 0.118750 0.293750 0.117188 0.292187 0.117188 0.290625 0.115625 0.289062 0.114062 0.289062 0.107813 0.281250 0.106250 0.281250 0.103125 0.278125 0.098437 0.276562 0.095312 0.273438 0.093750 0.273438 0.092188 0.271875 0.087500 0.270313 0.084375 0.267188 0.081250 0.267188 0.076563 0.262500 0.075000 0.262500 0.073438 0.260937 0.070312 0.260937 0.068750 0.259375 0.062500 0.259375 0.060937 0.257812 0.053125 0.257812 0.051562 0.256250 0.051562 0.254688 0.046875 0.254688 0.043750 0.251563 0.040625 0.251563
0 0.242188 0.175000 0.243750 0.176563 0.242188 0.178125 0.246875 0.185938 0.245312 0.187500 0.246875 0.189062 0.246875 0.192188 0.248438 0.193750 0.248438 0.198437 0.254688 0.207813 0.256250 0.207813 0.259375 0.210938 0.260937 0.210938 0.262500 0.212500 0.262500 0.214062 0.265625 0.214062 0.270313 0.217188 0.275000 0.217188 0.279687 0.220312 0.284375 0.220312 0.287500 0.223438 0.293750 0.223438 0.296875 0.226562 0.303125 0.226562 0.306250 0.229687 0.307812 0.229687 0.309375 0.231250 0.310937 0.231250 0.314063 0.234375 0.318750 0.235937 0.321875 0.239063 0.321875 0.240625 0.326562 0.240625 0.331250 0.243750 0.334375 0.243750 0.339062 0.246875 0.342187 0.246875 0.343750 0.248438 0.346875 0.248438 0.348438 0.250000 0.351562 0.250000 0.353125 0.248438 0.354687 0.248438 0.356250 0.250000 0.360938 0.250000 0.368750 0.254688 0.373437 0.254688 0.376563 0.257812 0.381250 0.257812 0.382812 0.259375 0.382812 0.260937 0.387500 0.260937 0.389062 0.262500 0.390625 0.262500 0.395313 0.265625 0.398438 0.265625 0.400000 0.267188 0.407813 0.267188 0.409375 0.268750 0.415625 0.268750 0.417187 0.270313 0.418750 0.268750 0.425000 0.268750 0.426563 0.270313 0.428125 0.270313 0.429688 0.268750 0.434375 0.268750 0.439063 0.271875 0.442188 0.271875 0.445312 0.275000 0.446875 0.275000 0.451562 0.271875 0.453125 0.273438 0.454688 0.271875 0.459375 0.270313 0.462500 0.267188 0.462500 0.265625 0.464062 0.264062 0.464062 0.260937 0.465625 0.259375 0.465625 0.254688 0.467187 0.253125 0.468750 0.248438 0.465625 0.243750 0.467187 0.242188 0.464062 0.237500 0.464062 0.229687 0.460938 0.225000 0.462500 0.223438 0.460938 0.221875 0.460938 0.220312 0.456250 0.215625 0.456250 0.212500 0.451562 0.207813 0.450000 0.207813 0.446875 0.203125 0.442188 0.201563 0.440625 0.200000 0.440625 0.198437 0.439063 0.198437 0.437500 0.196875 0.432812 0.196875 0.431250 0.195312 0.429688 0.196875 0.425000 0.196875 0.423438 0.195312 0.420312 0.195312 0.418750 0.196875 0.415625 0.196875 0.414062 0.195312 0.406250 0.195312 0.404687 0.193750 0.403125 0.195312 0.396875 0.195312 0.395313 0.193750 0.370312 0.193750 0.368750 0.192188 0.362500 0.192188 0.360938 0.190625 0.353125 0.190625 0.351562 0.189062 0.345313 0.189062 0.343750 0.187500 0.340625 0.187500 0.339062 0.185938 0.335938 0.185938 0.334375 0.184375 0.326562 0.184375 0.325000 0.182812 0.318750 0.182812 0.317188 0.181250 0.309375 0.181250 0.307812 0.179688 0.301563 0.179688 0.300000 0.178125 0.292187 0.178125 0.290625 0.176563 0.282813 0.176563 0.281250 0.175000 0.275000 0.175000 0.273438 0.173437 0.265625 0.173437 0.264062 0.171875 0.259375 0.171875 0.257812 0.173437 0.256250 0.173437 0.254688 0.171875 0.250000 0.171875 0.248438 0.173437 0.246875 0.171875
0 0.548438 0.159375 0.546875 0.157812 0.545312 0.157812 0.540625 0.153125 0.539062 0.153125 0.537500 0.151562 0.537500 0.150000 0.535937 0.150000 0.534375 0.148438 0.534375 0.146875 0.532813 0.146875 0.531250 0.145313 0.529687 0.145313 0.528125 0.143750 0.526563 0.143750 0.525000 0.142187 0.525000 0.140625 0.523438 0.139063 0.521875 0.139063 0.520312 0.137500 0.518750 0.137500 0.517188 0.135937 0.514062 0.135937 0.512500 0.137500 0.509375 0.137500 0.507812 0.135937 0.503125 0.135937 0.501563 0.137500 0.500000 0.135937 0.496875 0.135937 0.495312 0.137500 0.492188 0.137500 0.490625 0.135937 0.489063 0.137500 0.484375 0.137500 0.482812 0.139063 0.481250 0.137500 0.479687 0.139063 0.478125 0.139063 0.476562 0.140625 0.475000 0.140625 0.473438 0.142187 0.471875 0.140625 0.470313 0.142187 0.468750 0.142187 0.465625 0.145313 0.464062 0.145313 0.462500 0.143750 0.459375 0.146875 0.457813 0.146875 0.456250 0.148438 0.453125 0.148438 0.450000 0.151562 0.448437 0.151562 0.445312 0.154688 0.443750 0.154688 0.439063 0.159375 0.437500 0.159375 0.435937 0.160938 0.434375 0.159375 0.426563 0.167187 0.425000 0.165625 0.423438 0.167187 0.421875 0.167187 0.420312 0.168750 0.421875 0.168750 0.423438 0.170313 0.425000 0.170313 0.428125 0.173437 0.431250 0.173437 0.435937 0.178125 0.437500 0.178125 0.439063 0.179688 0.440625 0.179688 0.443750 0.182812 0.443750 0.184375 0.445312 0.184375 0.446875 0.185938 0.448437 0.184375 0.451562 0.184375 0.453125 0.182812 0.454688 0.182812 0.456250 0.181250 0.459375 0.181250 0.460938 0.182812 0.462500 0.182812 0.464062 0.181250 0.468750 0.181250 0.470313 0.182812 0.475000 0.182812 0.476562 0.181250 0.478125 0.182812 0.485938 0.182812 0.487500 0.184375 0.490625 0.184375 0.492188 0.182812 0.495312 0.182812 0.496875 0.184375 0.503125 0.184375 0.504687 0.185938 0.506250 0.184375 0.512500 0.184375 0.514062 0.185938 0.515625 0.184375 0.523438 0.184375 0.525000 0.182812 0.526563 0.182812 0.531250 0.178125 0.534375 0.178125 0.535937 0.176563 0.537500 0.176563 0.542188 0.171875 0.542188 0.170313 0.543750 0.168750 0.545312 0.168750 0.545312 0.167187 0.546875 0.165625 0.546875 0.160938
0 0.262500 0.156250 0.267188 0.160938 0.267188 0.164062 0.271875 0.164062 0.275000 0.167187 0.278125 0.167187 0.279687 0.165625 0.285938 0.165625 0.287500 0.164062 0.295312 0.164062 0.298438 0.160938 0.298438 0.159375 0.301563 0.156250 0.304688 0.156250 0.307812 0.153125 0.307812 0.151562 0.310937 0.148438 0.312500 0.148438 0.314063 0.146875 0.315625 0.146875 0.315625 0.145313 0.321875 0.139063 0.323437 0.139063 0.318750 0.134375 0.317188 0.134375 0.315625 0.132812 0.314063 0.132812 0.312500 0.131250 0.310937 0.132812 0.304688 0.132812 0.303125 0.131250 0.298438 0.131250 0.296875 0.132812 0.295312 0.131250 0.287500 0.131250 0.285938 0.129688 0.284375 0.129688 0.278125 0.135937 0.276562 0.135937 0.275000 0.137500 0.273438 0.137500 0.268750 0.142187 0.267188 0.142187 0.267188 0.143750 0.265625 0.145313 0.265625 0.148438 0.264062 0.150000 0.264062 0.151562 0.262500 0.153125
0 0.335938 0.118750 0.335938 0.120313 0.337500 0.121875 0.337500 0.123438 0.335938 0.125000 0.337500 0.126562 0.337500 0.128125 0.339062 0.129688 0.339062 0.131250 0.340625 0.132812 0.340625 0.134375 0.343750 0.134375 0.345313 0.135937 0.346875 0.135937 0.350000 0.139063 0.351562 0.139063 0.353125 0.140625 0.356250 0.140625 0.357812 0.142187 0.357812 0.143750 0.364063 0.143750 0.365625 0.145313 0.373437 0.145313 0.375000 0.146875 0.381250 0.146875 0.384375 0.150000 0.390625 0.150000 0.392188 0.151562 0.400000 0.151562 0.401562 0.153125 0.403125 0.151562 0.407813 0.151562 0.409375 0.153125 0.410938 0.153125 0.412500 0.151562 0.415625 0.151562 0.417187 0.150000 0.418750 0.151562 0.420312 0.151562 0.421875 0.150000 0.423438 0.150000 0.425000 0.148438 0.428125 0.148438 0.431250 0.145313 0.431250 0.142187 0.432812 0.140625 0.432812 0.135937 0.429688 0.135937 0.428125 0.134375 0.423438 0.134375 0.421875 0.132812 0.420312 0.132812 0.418750 0.131250 0.412500 0.131250 0.410938 0.129688 0.406250 0.129688 0.404687 0.128125 0.403125 0.128125 0.401562 0.126562 0.395313 0.126562 0.393750 0.125000 0.387500 0.125000 0.385937 0.126562 0.384375 0.125000 0.376563 0.125000 0.375000 0.123438 0.373437 0.123438 0.371875 0.125000 0.368750 0.125000 0.367188 0.123438 0.362500 0.123438 0.360938 0.125000 0.359375 0.125000 0.357812 0.123438 0.351562 0.123438 0.350000 0.125000 0.348438 0.123438 0.342187 0.123438 0.340625 0.121875 0.340625 0.120313 0.339062 0.120313 0.337500 0.118750
0 0.114062 0.143750 0.115625 0.145313 0.115625 0.146875 0.117188 0.148438 0.117188 0.150000 0.125000 0.157812 0.123438 0.159375 0.125000 0.159375 0.132812 0.167187 0.132812 0.170313 0.134375 0.171875 0.135937 0.171875 0.140625 0.176563 0.140625 0.179688 0.142187 0.179688 0.143750 0.178125 0.146875 0.178125 0.148438 0.179688 0.150000 0.178125 0.153125 0.178125 0.156250 0.175000 0.157812 0.175000 0.160938 0.171875 0.162500 0.171875 0.164062 0.170313 0.170313 0.170313 0.171875 0.168750 0.173437 0.168750 0.175000 0.167187 0.176563 0.168750 0.182812 0.162500 0.185938 0.162500 0.190625 0.157812 0.190625 0.156250 0.192188 0.154688 0.195312 0.154688 0.203125 0.146875 0.204687 0.148438 0.206250 0.146875 0.207813 0.146875 0.210938 0.143750 0.214062 0.143750 0.214062 0.140625 0.215625 0.139063 0.217188 0.139063 0.217188 0.135937 0.214062 0.132812 0.214062 0.131250 0.206250 0.123438 0.206250 0.121875 0.203125 0.118750 0.200000 0.118750 0.198437 0.117188 0.190625 0.117188 0.189062 0.115625 0.184375 0.115625 0.182812 0.117188 0.181250 0.117188 0.179688 0.115625 0.175000 0.115625 0.173437 0.117188 0.171875 0.117188 0.170313 0.115625 0.165625 0.115625 0.164062 0.117188 0.162500 0.115625 0.154688 0.115625 0.153125 0.114062 0.146875 0.114062 0.145313 0.112500 0.142187 0.112500 0.140625 0.114062 0.137500 0.114062 0.135937 0.112500 0.131250 0.112500 0.129688 0.114062 0.123438 0.114062 0.121875 0.115625 0.120313 0.115625 0.120313 0.121875 0.118750 0.123438 0.118750 0.129688 0.117188 0.131250 0.115625 0.131250 0.115625 0.139063 0.114062 0.140625
0 0.260937 0.098437 0.260937 0.100000 0.262500 0.101562 0.262500 0.103125 0.267188 0.107813 0.267188 0.109375 0.270313 0.112500 0.270313 0.114062 0.271875 0.115625 0.275000 0.112500 0.275000 0.110937 0.276562 0.109375 0.279687 0.109375 0.281250 0.107813 0.281250 0.106250 0.284375 0.103125 0.287500 0.103125 0.289062 0.104688 0.290625 0.104688 0.292187 0.103125 0.296875 0.103125 0.298438 0.104688 0.304688 0.104688 0.306250 0.103125 0.307812 0.104688 0.314063 0.104688 0.315625 0.106250 0.320312 0.106250 0.321875 0.104688 0.323437 0.104688 0.325000 0.106250 0.332813 0.106250 0.334375 0.107813 0.335938 0.107813 0.337500 0.106250 0.340625 0.106250 0.342187 0.107813 0.350000 0.107813 0.351562 0.109375 0.359375 0.109375 0.360938 0.110937 0.367188 0.110937 0.368750 0.112500 0.376563 0.112500 0.378125 0.114062 0.384375 0.114062 0.385937 0.115625 0.393750 0.115625 0.395313 0.117188 0.403125 0.117188 0.404687 0.118750 0.410938 0.118750 0.412500 0.120313 0.414062 0.120313 0.415625 0.118750 0.420312 0.118750 0.421875 0.120313 0.423438 0.120313 0.423438 0.118750 0.425000 0.117188 0.425000 0.114062 0.426563 0.112500 0.428125 0.112500 0.428125 0.110937 0.426563 0.109375 0.426563 0.107813 0.423438 0.104688 0.425000 0.103125 0.421875 0.100000 0.421875 0.098437 0.420312 0.098437 0.418750 0.096875 0.417187 0.096875 0.414062 0.093750 0.414062 0.092188 0.412500 0.092188 0.410938 0.090625 0.406250 0.090625 0.404687 0.089063 0.398438 0.089063 0.396875 0.087500 0.395313 0.089063 0.389062 0.089063 0.387500 0.087500 0.379688 0.087500 0.378125 0.085938 0.371875 0.085938 0.370312 0.084375 0.370312 0.082812 0.362500 0.082812 0.360938 0.081250 0.357812 0.081250 0.353125 0.076563 0.353125 0.075000 0.350000 0.071875 0.350000 0.070312 0.345313 0.065625 0.345313 0.064062 0.343750 0.064062 0.334375 0.054688 0.332813 0.054688 0.328125 0.051562 0.323437 0.051562 0.320312 0.048438 0.312500 0.048438 0.310937 0.046875 0.303125 0.046875 0.301563 0.045312 0.300000 0.046875 0.295312 0.046875 0.293750 0.045312 0.290625 0.045312 0.287500 0.048438 0.285938 0.048438 0.281250 0.053125 0.281250 0.054688 0.279687 0.056250 0.278125 0.056250 0.287500 0.065625 0.287500 0.068750 0.285938 0.070312 0.285938 0.071875 0.281250 0.076563 0.281250 0.079687 0.276562 0.084375 0.276562 0.087500 0.275000 0.089063 0.275000 0.090625 0.273438 0.092188 0.271875 0.090625 0.270313 0.092188 0.268750 0.092188 0.264062 0.096875 0.262500 0.096875
