0 0.568750 0.812500 0.565625 0.812500 0.564063 0.814063 0.559375 0.814063 0.557813 0.815625 0.554688 0.815625 0.553125 0.814063 0.551562 0.814063 0.548438 0.810937 0.546875 0.810937 0.543750 0.807813 0.542188 0.807813 0.539062 0.804688 0.534375 0.803125 0.531250 0.800000 0.529687 0.800000 0.526563 0.796875 0.525000 0.796875 0.521875 0.793750 0.520312 0.793750 0.518750 0.792188 0.515625 0.792188 0.514062 0.793750 0.509375 0.793750 0.507812 0.795312 0.503125 0.795312 0.501563 0.796875 0.496875 0.796875 0.495312 0.798438 0.490625 0.798438 0.489063 0.800000 0.485938 0.800000 0.440625 0.845313 0.440625 0.854688 0.439063 0.856250 0.439063 0.875000 0.437500 0.876563 0.437500 0.896875 0.435937 0.898438 0.435937 0.907813 0.437500 0.909375 0.437500 0.910937 0.440625 0.914062 0.442188 0.918750 0.445312 0.921875 0.445312 0.923438 0.448437 0.926562 0.448437 0.928125 0.451562 0.931250 0.451562 0.932813 0.454688 0.935937 0.456250 0.940625 0.459375 0.943750 0.459375 0.945312 0.462500 0.948438 0.462500 0.950000 0.464062 0.951562 0.489063 0.951562 0.490625 0.953125 0.525000 0.953125 0.526563 0.951562 0.546875 0.951562 0.548438 0.950000 0.557813 0.950000 0.559375 0.948438 0.559375 0.946875 0.562500 0.943750 0.562500 0.942187 0.565625 0.939063 0.565625 0.937500 0.568750 0.934375 0.568750 0.932813 0.571875 0.929688 0.571875 0.928125 0.578125 0.920312 0.579688 0.915625 0.582812 0.912500 0.582812 0.910937 0.585938 0.907813 0.585938 0.906250 0.589063 0.903125 0.589063 0.901563 0.592187 0.898438 0.592187 0.896875 0.595313 0.893750 0.595313 0.892188 0.598437 0.889062 0.598437 0.887500 0.600000 0.885938 0.600000 0.879687 0.598437 0.878125 0.598437 0.867188 0.596875 0.865625 0.596875 0.854688 0.595313 0.853125 0.595313 0.848437 0.593750 0.846875 0.593750 0.845313 0.589063 0.840625 0.589063 0.839063 0.584375 0.834375 0.584375 0.832812 0.579688 0.828125 0.579688 0.826562 0.575000 0.821875 0.575000 0.820312 0.570312 0.815625 0.570312 0.814063
0 0.701562 0.676562 0.687500 0.690625 0.687500 0.692187 0.689063 0.693750 0.689063 0.695312 0.690625 0.696875 0.690625 0.700000 0.692187 0.701562 0.692187 0.704688 0.693750 0.706250 0.693750 0.707812 0.695312 0.709375 0.695312 0.712500 0.696875 0.714063 0.696875 0.715625 0.698438 0.717187 0.698438 0.720313 0.700000 0.721875 0.700000 0.723437 0.701562 0.725000 0.701562 0.728125 0.703125 0.729688 0.703125 0.732812 0.704688 0.734375 0.704688 0.735938 0.706250 0.737500 0.706250 0.740625 0.707812 0.742188 0.707812 0.743750 0.709375 0.745313 0.709375 0.748437 0.710938 0.750000 0.710938 0.751563 0.712500 0.753125 0.712500 0.756250 0.714063 0.757812 0.714063 0.760938 0.715625 0.762500 0.715625 0.764062 0.717187 0.765625 0.717187 0.768750 0.718750 0.770312 0.718750 0.771875 0.720313 0.773438 0.720313 0.775000 0.721875 0.776563 0.723437 0.776563 0.726562 0.779687 0.728125 0.779687 0.729688 0.781250 0.731250 0.781250 0.734375 0.784375 0.735938 0.784375 0.737500 0.785937 0.768750 0.785937 0.770312 0.784375 0.771875 0.784375 0.773438 0.782813 0.775000 0.782813 0.776563 0.781250 0.778125 0.781250 0.781250 0.778125 0.782813 0.778125 0.784375 0.776563 0.785937 0.776563 0.789062 0.773438 0.790625 0.773438 0.792188 0.771875 0.793750 0.771875 0.795312 0.770312 0.796875 0.770312 0.800000 0.767188 0.801562 0.767188 0.803125 0.765625 0.804688 0.765625 0.806250 0.764062 0.806250 0.762500 0.807813 0.760938 0.807813 0.757812 0.809375 0.756250 0.809375 0.751563 0.810937 0.750000 0.810937 0.746875 0.812500 0.745313 0.812500 0.742188 0.814063 0.740625 0.814063 0.735938 0.815625 0.734375 0.815625 0.731250 0.814063 0.729688 0.814063 0.728125 0.812500 0.726562 0.812500 0.723437 0.810937 0.721875 0.810937 0.720313 0.809375 0.718750 0.809375 0.715625 0.807813 0.714063 0.807813 0.710938 0.806250 0.709375 0.806250 0.707812 0.804688 0.706250 0.804688 0.704688 0.803125 0.703125 0.801562 0.703125 0.800000 0.701562 0.798438 0.701562 0.796875 0.700000 0.795312 0.700000 0.793750 0.698438 0.792188 0.698438 0.790625 0.696875 0.789062 0.696875 0.787500 0.695312 0.785937 0.695312 0.782813 0.692187 0.781250 0.692187 0.779687 0.690625 0.778125 0.690625 0.776563 0.689063 0.775000 0.689063 0.773438 0.687500 0.771875 0.687500 0.770312 0.685937 0.768750 0.685937 0.765625 0.682813 0.764062 0.682813 0.762500 0.681250 0.760938 0.681250 0.759375 0.679688 0.757812 0.679688 0.756250 0.678125 0.754687 0.678125 0.753125 0.676562 0.751563 0.676562 0.750000 0.675000 0.748437 0.675000 0.746875 0.673438 0.745313 0.675000 0.745313 0.676562 0.743750 0.678125 0.743750 0.679688 0.742188 0.681250 0.735938 0.681250 0.734375 0.679688 0.723437 0.679688 0.721875 0.678125 0.709375 0.678125 0.707812 0.676562
0 0.740625 0.504687 0.740625 0.506250 0.742188 0.507812 0.742188 0.509375 0.743750 0.510938 0.743750 0.512500 0.745313 0.514062 0.745313 0.515625 0.746875 0.517188 0.746875 0.518750 0.748437 0.520312 0.748437 0.521875 0.750000 0.523438 0.750000 0.525000 0.751563 0.526563 0.751563 0.528125 0.753125 0.529687 0.753125 0.531250 0.754687 0.532813 0.754687 0.534375 0.756250 0.535937 0.756250 0.537500 0.757812 0.539062 0.757812 0.540625 0.760938 0.540625 0.762500 0.542188 0.767188 0.542188 0.768750 0.543750 0.775000 0.543750 0.776563 0.545312 0.781250 0.545312 0.782813 0.546875 0.787500 0.546875 0.789062 0.548438 0.795312 0.548438 0.796875 0.550000 0.801562 0.550000 0.803125 0.551562 0.810937 0.551562 0.812500 0.553125 0.823438 0.553125 0.825000 0.554688 0.835938 0.554688 0.837500 0.556250 0.846875 0.556250 0.848437 0.557813 0.859375 0.557813 0.860938 0.559375 0.871875 0.559375 0.873437 0.560937 0.914062 0.560937 0.926562 0.542188 0.901563 0.517188 0.900000 0.517188 0.896875 0.514062 0.895312 0.514062 0.892188 0.510938 0.890625 0.510938 0.887500 0.507812 0.885938 0.507812 0.884375 0.506250 0.882812 0.506250 0.879687 0.503125 0.878125 0.503125 0.875000 0.500000 0.873437 0.500000 0.871875 0.498437 0.864062 0.498437 0.862500 0.496875 0.846875 0.496875 0.845313 0.495312 0.828125 0.495312 0.826562 0.493750 0.810937 0.493750 0.809375 0.492188 0.792188 0.492188 0.790625 0.493750 0.770312 0.493750 0.768750 0.495312 0.759375 0.495312 0.757812 0.496875 0.756250 0.496875 0.754687 0.498437 0.753125 0.498437 0.751563 0.500000 0.750000 0.500000 0.748437 0.501563 0.746875 0.501563 0.745313 0.503125 0.743750 0.503125 0.742188 0.504687
0 0.312500 0.500000 0.310937 0.501563 0.310937 0.503125 0.309375 0.504687 0.309375 0.506250 0.307812 0.507812 0.307812 0.509375 0.306250 0.510938 0.306250 0.512500 0.304688 0.514062 0.304688 0.515625 0.303125 0.517188 0.303125 0.526563 0.307812 0.531250 0.307812 0.532813 0.317188 0.542188 0.317188 0.543750 0.321875 0.548438 0.323437 0.548438 0.325000 0.550000 0.328125 0.550000 0.329688 0.551562 0.331250 0.551562 0.332813 0.553125 0.335938 0.553125 0.337500 0.554688 0.345313 0.554688 0.346875 0.556250 0.357812 0.556250 0.359375 0.557813 0.365625 0.557813 0.367188 0.556250 0.368750 0.556250 0.370312 0.554688 0.370312 0.553125 0.371875 0.551562 0.371875 0.550000 0.373437 0.548438 0.373437 0.546875 0.375000 0.545312 0.375000 0.543750 0.376563 0.542188 0.376563 0.540625 0.378125 0.539062 0.378125 0.537500 0.379688 0.535937 0.379688 0.534375 0.381250 0.532813 0.381250 0.531250 0.382812 0.529687 0.382812 0.528125 0.384375 0.526563 0.384375 0.512500 0.382812 0.510938 0.382812 0.506250 0.381250 0.504687 0.381250 0.503125 0.379688 0.503125 0.378125 0.501563 0.376563 0.501563 0.375000 0.500000 0.371875 0.500000 0.370312 0.498437 0.368750 0.498437 0.367188 0.496875 0.365625 0.496875 0.364063 0.495312 0.360938 0.495312 0.359375 0.493750 0.357812 0.493750 0.356250 0.492188 0.353125 0.492188 0.351562 0.490625 0.348438 0.490625 0.346875 0.489063 0.343750 0.489063 0.342187 0.487500 0.339062 0.487500 0.337500 0.489063 0.335938 0.489063 0.334375 0.490625 0.332813 0.490625 0.331250 0.492188 0.329688 0.492188 0.328125 0.493750 0.325000 0.493750 0.323437 0.495312 0.321875 0.495312 0.320312 0.496875 0.318750 0.496875 0.317188 0.498437 0.315625 0.498437 0.314063 0.500000
0 0.460938 0.453125 0.460938 0.459375 0.462500 0.460938 0.462500 0.467187 0.482812 0.487500 0.484375 0.487500 0.485938 0.489063 0.487500 0.489063 0.489063 0.490625 0.490625 0.490625 0.492188 0.492188 0.493750 0.492188 0.495312 0.493750 0.496875 0.493750 0.498437 0.495312 0.500000 0.495312 0.501563 0.496875 0.503125 0.496875 0.504687 0.498437 0.506250 0.498437 0.507812 0.500000 0.509375 0.500000 0.510938 0.501563 0.518750 0.501563 0.520312 0.500000 0.534375 0.500000 0.535937 0.498437 0.548438 0.498437 0.550000 0.496875 0.564063 0.496875 0.565625 0.495312 0.571875 0.495312 0.571875 0.489063 0.573438 0.487500 0.573438 0.479687 0.571875 0.478125 0.570312 0.478125 0.565625 0.473438 0.564063 0.473438 0.559375 0.468750 0.557813 0.468750 0.554688 0.465625 0.553125 0.465625 0.548438 0.460938 0.546875 0.460938 0.542188 0.456250 0.540625 0.456250 0.537500 0.453125 0.535937 0.453125 0.531250 0.448437 0.529687 0.448437 0.525000 0.443750 0.523438 0.443750 0.521875 0.442188 0.509375 0.442188 0.507812 0.440625 0.493750 0.440625 0.492188 0.442188 0.489063 0.442188 0.487500 0.443750 0.485938 0.443750 0.484375 0.445312 0.481250 0.445312 0.479687 0.446875 0.476562 0.446875 0.475000 0.448437 0.471875 0.448437 0.470313 0.450000 0.468750 0.450000 0.467187 0.451562 0.464062 0.451562 0.462500 0.453125
0 0.782813 0.410938 0.785937 0.414062 0.785937 0.415625 0.792188 0.421875 0.792188 0.423438 0.795312 0.426563 0.800000 0.426563 0.801562 0.428125 0.809375 0.428125 0.810937 0.429688 0.818750 0.429688 0.820312 0.431250 0.828125 0.431250 0.829688 0.432812 0.850000 0.432812 0.851562 0.431250 0.854688 0.431250 0.856250 0.429688 0.860938 0.429688 0.862500 0.428125 0.865625 0.428125 0.867188 0.426563 0.868750 0.426563 0.868750 0.425000 0.867188 0.423438 0.867188 0.420312 0.865625 0.418750 0.865625 0.415625 0.864062 0.414062 0.864062 0.412500 0.857812 0.412500 0.856250 0.410938 0.851562 0.410938 0.850000 0.409375 0.845313 0.409375 0.843750 0.407813 0.839063 0.407813 0.837500 0.406250 0.829688 0.406250 0.828125 0.404687 0.818750 0.404687 0.817187 0.403125 0.806250 0.403125 0.804688 0.401562 0.796875 0.401562 0.795312 0.403125 0.790625 0.403125
0 0.435937 0.365625 0.435937 0.373437 0.437500 0.373437 0.439063 0.375000 0.440625 0.375000 0.442188 0.376563 0.445312 0.376563 0.446875 0.378125 0.450000 0.378125 0.451562 0.379688 0.453125 0.379688 0.454688 0.381250 0.487500 0.381250 0.487500 0.371875 0.485938 0.370312 0.485938 0.360938 0.481250 0.356250 0.479687 0.356250 0.476562 0.353125 0.446875 0.353125 0.440625 0.359375 0.440625 0.360938
0 0.643750 0.284375 0.643750 0.287500 0.645312 0.289062 0.645312 0.293750 0.646875 0.295312 0.646875 0.300000 0.648438 0.301563 0.648438 0.304688 0.653125 0.309375 0.654687 0.309375 0.662500 0.317188 0.664062 0.317188 0.667188 0.320312 0.668750 0.320312 0.670312 0.321875 0.671875 0.321875 0.675000 0.325000 0.676562 0.325000 0.679688 0.328125 0.681250 0.328125 0.682813 0.329688 0.685937 0.329688 0.687500 0.331250 0.692187 0.331250 0.693750 0.332813 0.700000 0.332813 0.701562 0.334375 0.706250 0.334375 0.707812 0.335938 0.714063 0.335938 0.715625 0.337500 0.721875 0.337500 0.723437 0.339062 0.728125 0.339062 0.729688 0.340625 0.735938 0.340625 0.737500 0.342187 0.743750 0.342187 0.745313 0.343750 0.750000 0.343750 0.751563 0.345313 0.756250 0.345313 0.757812 0.343750 0.759375 0.343750 0.759375 0.342187 0.757812 0.340625 0.757812 0.337500 0.756250 0.335938 0.756250 0.331250 0.754687 0.329688 0.754687 0.328125 0.753125 0.326562 0.751563 0.326562 0.746875 0.321875 0.745313 0.321875 0.742188 0.318750 0.740625 0.318750 0.735938 0.314063 0.734375 0.314063 0.731250 0.310937 0.729688 0.310937 0.728125 0.309375 0.726562 0.309375 0.725000 0.307812 0.723437 0.307812 0.721875 0.306250 0.720313 0.306250 0.718750 0.304688 0.717187 0.304688 0.715625 0.303125 0.714063 0.303125 0.712500 0.301563 0.710938 0.301563 0.709375 0.300000 0.706250 0.300000 0.704688 0.298438 0.701562 0.298438 0.700000 0.296875 0.696875 0.296875 0.695312 0.295312 0.692187 0.295312 0.690625 0.293750 0.689063 0.293750 0.687500 0.292187 0.684375 0.292187 0.682813 0.290625 0.679688 0.290625 0.678125 0.289062 0.675000 0.289062 0.673438 0.287500 0.665625 0.287500 0.664062 0.285938 0.651563 0.285938 0.650000 0.284375
0 0.384375 0.290625 0.387500 0.290625 0.389062 0.292187 0.395313 0.292187 0.396875 0.293750 0.401562 0.293750 0.403125 0.295312 0.409375 0.295312 0.410938 0.296875 0.421875 0.296875 0.423438 0.298438 0.456250 0.298438 0.457813 0.296875 0.459375 0.296875 0.460938 0.295312 0.462500 0.295312 0.465625 0.292187 0.467187 0.292187 0.468750 0.290625 0.470313 0.290625 0.471875 0.289062 0.464062 0.281250 0.459375 0.281250 0.457813 0.279687 0.448437 0.279687 0.446875 0.278125 0.398438 0.278125 0.392188 0.284375 0.390625 0.284375
0 0.323437 0.210938 0.321875 0.209375 0.321875 0.206250 0.320312 0.204687 0.320312 0.203125 0.315625 0.203125 0.314063 0.204687 0.271875 0.204687 0.270313 0.206250 0.268750 0.206250 0.267188 0.207813 0.265625 0.207813 0.264062 0.209375 0.262500 0.209375 0.260937 0.210938 0.259375 0.210938 0.257812 0.212500 0.256250 0.212500 0.254688 0.214062 0.256250 0.214062 0.257812 0.215625 0.260937 0.215625 0.262500 0.217188 0.265625 0.217188 0.267188 0.218750 0.270313 0.218750 0.271875 0.220312 0.275000 0.220312 0.276562 0.221875 0.279687 0.221875 0.281250 0.223438 0.292187 0.223438 0.293750 0.221875 0.303125 0.221875 0.304688 0.220312 0.306250 0.220312 0.307812 0.218750 0.309375 0.218750 0.310937 0.217188 0.314063 0.217188 0.315625 0.215625 0.317188 0.215625 0.318750 0.214062 0.320312 0.214062 0.321875 0.212500 0.323437 0.212500
0 0.323437 0.162500 0.323437 0.165625 0.325000 0.167187 0.325000 0.171875 0.326562 0.173437 0.326562 0.175000 0.328125 0.175000 0.329688 0.176563 0.334375 0.176563 0.335938 0.178125 0.339062 0.178125 0.340625 0.179688 0.345313 0.179688 0.346875 0.181250 0.351562 0.181250 0.353125 0.182812 0.356250 0.182812 0.357812 0.184375 0.362500 0.184375 0.364063 0.185938 0.370312 0.185938 0.371875 0.184375 0.379688 0.184375 0.381250 0.182812 0.385937 0.182812 0.387500 0.181250 0.390625 0.181250 0.392188 0.179688 0.396875 0.179688 0.398438 0.178125 0.401562 0.178125 0.403125 0.176563 0.407813 0.176563 0.409375 0.175000 0.414062 0.175000 0.415625 0.173437 0.443750 0.173437 0.445312 0.175000 0.453125 0.175000 0.454688 0.176563 0.459375 0.176563 0.464062 0.179688 0.467187 0.179688 0.468750 0.181250 0.471875 0.181250 0.473438 0.182812 0.475000 0.182812 0.476562 0.184375 0.479687 0.184375 0.484375 0.187500 0.492188 0.187500 0.493750 0.189062 0.504687 0.189062 0.506250 0.190625 0.518750 0.190625 0.520312 0.189062 0.531250 0.189062 0.532813 0.187500 0.537500 0.187500 0.537500 0.173437 0.535937 0.171875 0.534375 0.171875 0.532813 0.170313 0.531250 0.170313 0.526563 0.167187 0.521875 0.167187 0.520312 0.165625 0.515625 0.165625 0.514062 0.164062 0.507812 0.164062 0.506250 0.162500 0.496875 0.162500 0.495312 0.160938 0.481250 0.160938 0.479687 0.159375 0.465625 0.159375 0.464062 0.157812 0.396875 0.157812 0.395313 0.156250 0.384375 0.156250 0.382812 0.154688 0.362500 0.154688 0.360938 0.153125 0.346875 0.153125 0.345313 0.154688 0.335938 0.154688 0.334375 0.156250 0.332813 0.156250 0.331250 0.157812 0.329688 0.157812 0.328125 0.159375 0.326562 0.159375
