0 0.692187 0.996875 0.689063 0.992188 0.690625 0.990625 0.689063 0.989062 0.689063 0.987500 0.687500 0.985938 0.685937 0.981250 0.682813 0.978125 0.682813 0.973437 0.681250 0.971875 0.681250 0.968750 0.678125 0.964063 0.678125 0.959375 0.676562 0.957812 0.676562 0.956250 0.675000 0.954688 0.675000 0.953125 0.671875 0.948438 0.673438 0.946875 0.671875 0.945312 0.671875 0.943750 0.668750 0.939063 0.668750 0.935937 0.667188 0.934375 0.667188 0.929688 0.665625 0.928125 0.665625 0.926562 0.664062 0.925000 0.664062 0.923438 0.660937 0.918750 0.662500 0.917188 0.660937 0.915625 0.660937 0.914062 0.656250 0.909375 0.656250 0.906250 0.653125 0.903125 0.653125 0.900000 0.643750 0.889062 0.645312 0.887500 0.642188 0.884375 0.642188 0.882812 0.640625 0.882812 0.639062 0.881250 0.634375 0.881250 0.632812 0.879687 0.629687 0.879687 0.626563 0.876563 0.621875 0.876563 0.620313 0.875000 0.615625 0.875000 0.614062 0.873437 0.614062 0.871875 0.612500 0.873437 0.610938 0.873437 0.607812 0.876563 0.606250 0.876563 0.601562 0.881250 0.600000 0.881250 0.596875 0.884375 0.592187 0.885938 0.589063 0.889062 0.589063 0.890625 0.587500 0.892188 0.587500 0.893750 0.584375 0.896875 0.584375 0.898438 0.582812 0.900000 0.581250 0.900000 0.581250 0.901563 0.579688 0.903125 0.579688 0.904687 0.578125 0.906250 0.576562 0.910937 0.573438 0.914062 0.571875 0.914062 0.571875 0.915625 0.570312 0.917188 0.568750 0.917188 0.565625 0.920312 0.565625 0.921875 0.560937 0.926562 0.559375 0.926562 0.559375 0.928125 0.556250 0.931250 0.554688 0.931250 0.553125 0.932813 0.553125 0.934375 0.550000 0.937500 0.550000 0.939063 0.548438 0.940625 0.546875 0.940625 0.546875 0.942187 0.545312 0.943750 0.545312 0.945312 0.543750 0.946875 0.542188 0.951562 0.537500 0.956250 0.537500 0.957812 0.535937 0.959375 0.535937 0.960938 0.534375 0.962500 0.534375 0.964063 0.532813 0.965625 0.532813 0.967187 0.529687 0.971875 0.529687 0.976562 0.528125 0.978125 0.528125 0.981250 0.525000 0.984375 0.525000 0.989062 0.523438 0.990625 0.523438 0.995313 0.521875 0.996875 0.523438 0.998437 0.692187 0.998437
0 0.082812 0.707812 0.078125 0.710938 0.076563 0.709375 0.075000 0.710938 0.073438 0.710938 0.068750 0.714063 0.065625 0.714063 0.064062 0.715625 0.062500 0.714063 0.059375 0.717187 0.059375 0.718750 0.056250 0.721875 0.056250 0.723437 0.053125 0.726562 0.051562 0.726562 0.051562 0.728125 0.045312 0.734375 0.043750 0.739062 0.042188 0.740625 0.040625 0.740625 0.040625 0.742188 0.039062 0.743750 0.039062 0.746875 0.037500 0.748437 0.035937 0.753125 0.031250 0.757812 0.031250 0.760938 0.029687 0.762500 0.028125 0.767188 0.026562 0.768750 0.025000 0.768750 0.025000 0.770312 0.023438 0.771875 0.020313 0.779687 0.017188 0.782813 0.015625 0.782813 0.015625 0.784375 0.014063 0.785937 0.014063 0.787500 0.010937 0.790625 0.010937 0.792188 0.000000 0.801562 0.000000 0.946875 0.006250 0.946875 0.007812 0.948438 0.021875 0.948438 0.023438 0.950000 0.035937 0.950000 0.037500 0.951562 0.039062 0.951562 0.040625 0.950000 0.043750 0.942187 0.045312 0.940625 0.046875 0.940625 0.046875 0.939063 0.050000 0.934375 0.050000 0.929688 0.053125 0.926562 0.053125 0.925000 0.054688 0.923438 0.054688 0.920312 0.056250 0.918750 0.056250 0.914062 0.057813 0.912500 0.059375 0.912500 0.059375 0.907813 0.060937 0.906250 0.060937 0.901563 0.064062 0.898438 0.064062 0.885938 0.065625 0.884375 0.065625 0.871875 0.067187 0.870313 0.067187 0.857812 0.068750 0.856250 0.068750 0.843750 0.070312 0.842187 0.071875 0.842187 0.071875 0.829688 0.073438 0.828125 0.073438 0.821875 0.075000 0.820312 0.075000 0.814063 0.076563 0.812500 0.076563 0.800000 0.078125 0.798438 0.079687 0.798438 0.079687 0.785937 0.081250 0.784375 0.081250 0.771875 0.082812 0.770312 0.082812 0.757812 0.084375 0.756250 0.084375 0.743750 0.085938 0.742188 0.085938 0.729688 0.087500 0.728125 0.085938 0.726562 0.085938 0.720313 0.084375 0.718750 0.084375 0.715625 0.082812 0.714063 0.084375 0.712500
0 0.314063 0.526563 0.306250 0.537500 0.301563 0.539062 0.296875 0.550000 0.292187 0.554688 0.289062 0.564063 0.284375 0.567187 0.281250 0.573438 0.281250 0.578125 0.278125 0.581250 0.276562 0.593750 0.273438 0.596875 0.273438 0.604688 0.270313 0.609375 0.268750 0.621875 0.265625 0.628125 0.265625 0.635938 0.262500 0.640625 0.262500 0.650000 0.259375 0.653125 0.259375 0.664062 0.256250 0.667188 0.256250 0.676562 0.253125 0.681250 0.253125 0.685937 0.256250 0.693750 0.254688 0.698438 0.257812 0.706250 0.256250 0.710938 0.260937 0.721875 0.259375 0.723437 0.262500 0.726562 0.270313 0.745313 0.278125 0.756250 0.290625 0.762500 0.295312 0.768750 0.301563 0.771875 0.306250 0.776563 0.318750 0.771875 0.321875 0.773438 0.332813 0.767188 0.334375 0.768750 0.346875 0.759375 0.350000 0.762500 0.373437 0.770312 0.376563 0.773438 0.390625 0.773438 0.392188 0.776563 0.404687 0.776563 0.406250 0.778125 0.418750 0.768750 0.420312 0.770312 0.428125 0.762500 0.437500 0.759375 0.445312 0.753125 0.460938 0.745313 0.465625 0.746875 0.478125 0.746875 0.479687 0.748437 0.492188 0.748437 0.493750 0.750000 0.501563 0.746875 0.512500 0.746875 0.517188 0.745313 0.520312 0.740625 0.526563 0.737500 0.528125 0.734375 0.543750 0.720313 0.548438 0.712500 0.553125 0.709375 0.559375 0.696875 0.562500 0.695312 0.565625 0.689063 0.565625 0.682813 0.568750 0.681250 0.568750 0.670312 0.571875 0.667188 0.571875 0.654687 0.573438 0.653125 0.573438 0.645312 0.576562 0.639062 0.576562 0.626563 0.578125 0.623437 0.575000 0.615625 0.575000 0.606250 0.571875 0.600000 0.545312 0.575000 0.539062 0.565625 0.535937 0.564063 0.529687 0.556250 0.518750 0.553125 0.517188 0.550000 0.510938 0.548438 0.501563 0.542188 0.493750 0.540625 0.487500 0.535937 0.476562 0.534375 0.475000 0.531250 0.468750 0.531250 0.457813 0.526563 0.451562 0.526563 0.446875 0.523438 0.437500 0.521875 0.426563 0.515625 0.421875 0.515625 0.415625 0.510938 0.410938 0.510938 0.404687 0.507812 0.396875 0.507812 0.390625 0.504687 0.379688 0.504687 0.378125 0.506250 0.373437 0.504687 0.365625 0.507812 0.360938 0.506250 0.353125 0.509375 0.343750 0.509375 0.339062 0.512500 0.331250 0.514062
0 0.304688 0.465625 0.296875 0.457813 0.296875 0.456250 0.293750 0.453125 0.293750 0.451562 0.292187 0.450000 0.292187 0.448437 0.287500 0.448437 0.285938 0.450000 0.276562 0.450000 0.275000 0.451562 0.270313 0.451562 0.268750 0.453125 0.267188 0.453125 0.265625 0.454688 0.264062 0.453125 0.262500 0.454688 0.260937 0.454688 0.257812 0.457813 0.256250 0.457813 0.250000 0.464062 0.246875 0.464062 0.239063 0.471875 0.237500 0.471875 0.235937 0.473438 0.234375 0.473438 0.232813 0.475000 0.231250 0.475000 0.228125 0.478125 0.226562 0.478125 0.226562 0.479687 0.225000 0.481250 0.225000 0.485938 0.223438 0.487500 0.223438 0.490625 0.220312 0.493750 0.220312 0.495312 0.223438 0.498437 0.223438 0.500000 0.228125 0.504687 0.232813 0.504687 0.234375 0.506250 0.243750 0.506250 0.245312 0.504687 0.250000 0.504687 0.251563 0.503125 0.254688 0.503125 0.256250 0.501563 0.257812 0.501563 0.259375 0.500000 0.264062 0.500000 0.270313 0.493750 0.271875 0.493750 0.273438 0.492188 0.275000 0.492188 0.276562 0.490625 0.278125 0.490625 0.284375 0.484375 0.284375 0.482812 0.287500 0.479687 0.289062 0.479687 0.289062 0.478125 0.296875 0.470313 0.298438 0.470313 0.303125 0.465625
0 0.148438 0.423438 0.146875 0.421875 0.145313 0.421875 0.143750 0.420312 0.139063 0.418750 0.135937 0.415625 0.129688 0.415625 0.128125 0.414062 0.123438 0.414062 0.121875 0.412500 0.117188 0.412500 0.115625 0.414062 0.103125 0.414062 0.101562 0.415625 0.096875 0.415625 0.095312 0.417187 0.093750 0.415625 0.092188 0.415625 0.090625 0.417187 0.085938 0.417187 0.084375 0.418750 0.081250 0.418750 0.079687 0.420312 0.078125 0.418750 0.075000 0.418750 0.073438 0.420312 0.071875 0.420312 0.068750 0.423438 0.067187 0.423438 0.062500 0.426563 0.059375 0.426563 0.054688 0.431250 0.050000 0.432812 0.037500 0.445312 0.037500 0.446875 0.035937 0.448437 0.034375 0.448437 0.032813 0.450000 0.032813 0.451562 0.031250 0.453125 0.029687 0.453125 0.026562 0.456250 0.026562 0.457813 0.020313 0.464062 0.018750 0.464062 0.015625 0.467187 0.014063 0.467187 0.009375 0.471875 0.007812 0.476562 0.004687 0.479687 0.003125 0.479687 0.003125 0.482812 0.000000 0.487500 0.000000 0.548438 0.001563 0.550000 0.009375 0.550000 0.010937 0.548438 0.014063 0.548438 0.015625 0.550000 0.035937 0.550000 0.037500 0.551562 0.035937 0.553125 0.039062 0.556250 0.039062 0.557813 0.042188 0.560937 0.042188 0.562500 0.045312 0.567187 0.043750 0.568750 0.046875 0.571875 0.046875 0.573438 0.050000 0.576562 0.050000 0.578125 0.051562 0.579688 0.053125 0.579688 0.054688 0.578125 0.056250 0.578125 0.057813 0.579688 0.059375 0.578125 0.060937 0.578125 0.062500 0.576562 0.065625 0.576562 0.067187 0.575000 0.075000 0.575000 0.076563 0.573438 0.078125 0.573438 0.079687 0.571875 0.082812 0.571875 0.084375 0.570312 0.085938 0.571875 0.089063 0.568750 0.090625 0.568750 0.092188 0.567187 0.092188 0.565625 0.098437 0.559375 0.101562 0.559375 0.104688 0.556250 0.107813 0.556250 0.112500 0.551562 0.112500 0.550000 0.115625 0.546875 0.117188 0.546875 0.117188 0.545312 0.120313 0.542188 0.121875 0.542188 0.121875 0.540625 0.125000 0.537500 0.125000 0.535937 0.134375 0.526563 0.134375 0.525000 0.135937 0.523438 0.135937 0.520312 0.137500 0.518750 0.137500 0.517188 0.142187 0.512500 0.143750 0.507812 0.145313 0.506250 0.146875 0.506250 0.146875 0.504687 0.153125 0.498437 0.153125 0.496875 0.156250 0.493750 0.157812 0.489063 0.159375 0.487500 0.162500 0.487500 0.162500 0.485938 0.165625 0.481250 0.165625 0.478125 0.164062 0.476562 0.165625 0.471875 0.164062 0.470313 0.164062 0.464062 0.162500 0.462500 0.162500 0.460938 0.164062 0.459375 0.164062 0.457813 0.162500 0.456250 0.162500 0.451562 0.157812 0.446875 0.157812 0.443750 0.153125 0.439063 0.153125 0.437500 0.150000 0.432812 0.150000 0.426563 0.148438 0.425000
0 0.542188 0.396875 0.542188 0.407813 0.540625 0.409375 0.540625 0.417187 0.545312 0.421875 0.543750 0.423438 0.550000 0.429688 0.553125 0.429688 0.554688 0.431250 0.567187 0.431250 0.568750 0.432812 0.576562 0.432812 0.578125 0.431250 0.585938 0.431250 0.587500 0.429688 0.590625 0.429688 0.592187 0.428125 0.600000 0.428125 0.601562 0.426563 0.604688 0.426563 0.606250 0.425000 0.614062 0.425000 0.614062 0.423438 0.615625 0.421875 0.615625 0.412500 0.617188 0.410938 0.618750 0.410938 0.618750 0.403125 0.614062 0.398438 0.614062 0.396875 0.607812 0.390625 0.606250 0.390625 0.604688 0.389062 0.601562 0.389062 0.598437 0.385937 0.596875 0.385937 0.595313 0.384375 0.593750 0.384375 0.592187 0.385937 0.590625 0.385937 0.589063 0.387500 0.585938 0.387500 0.584375 0.385937 0.579688 0.385937 0.578125 0.384375 0.570312 0.384375 0.568750 0.382812 0.565625 0.382812 0.564063 0.384375 0.560937 0.384375 0.559375 0.385937 0.556250 0.385937 0.554688 0.384375 0.553125 0.385937 0.551562 0.385937 0.550000 0.387500 0.550000 0.389062
0 0.506250 0.382812 0.504687 0.381250 0.503125 0.381250 0.498437 0.376563 0.498437 0.375000 0.485938 0.375000 0.484375 0.373437 0.482812 0.375000 0.473438 0.375000 0.471875 0.376563 0.470313 0.376563 0.468750 0.375000 0.467187 0.375000 0.465625 0.376563 0.460938 0.376563 0.456250 0.381250 0.453125 0.381250 0.445312 0.389062 0.445312 0.401562 0.443750 0.403125 0.445312 0.404687 0.446875 0.404687 0.450000 0.407813 0.453125 0.407813 0.454688 0.409375 0.457813 0.409375 0.459375 0.410938 0.467187 0.410938 0.468750 0.412500 0.478125 0.412500 0.479687 0.410938 0.481250 0.410938 0.482812 0.412500 0.490625 0.412500 0.493750 0.409375 0.495312 0.409375 0.496875 0.407813 0.498437 0.407813 0.498437 0.406250 0.500000 0.404687 0.501563 0.404687 0.501563 0.403125 0.503125 0.401562 0.503125 0.398438 0.504687 0.396875 0.504687 0.392188 0.506250 0.390625
0 0.998437 0.334375 0.996875 0.335938 0.995313 0.335938 0.992188 0.339062 0.987500 0.339062 0.985938 0.340625 0.984375 0.340625 0.979688 0.343750 0.976562 0.343750 0.975000 0.345313 0.973437 0.343750 0.971875 0.345313 0.968750 0.345313 0.967187 0.346875 0.960938 0.346875 0.959375 0.345313 0.950000 0.345313 0.948438 0.346875 0.943750 0.346875 0.942187 0.348438 0.940625 0.348438 0.939063 0.350000 0.934375 0.351562 0.931250 0.354687 0.929688 0.353125 0.921875 0.357812 0.918750 0.357812 0.917188 0.359375 0.915625 0.357812 0.914062 0.359375 0.912500 0.359375 0.904687 0.367188 0.901563 0.367188 0.893750 0.373437 0.893750 0.376563 0.892188 0.378125 0.892188 0.382812 0.890625 0.384375 0.890625 0.396875 0.889062 0.398438 0.889062 0.400000 0.892188 0.404687 0.892188 0.407813 0.895312 0.412500 0.893750 0.414062 0.895312 0.415625 0.895312 0.417187 0.900000 0.421875 0.900000 0.423438 0.901563 0.423438 0.904687 0.426563 0.904687 0.428125 0.909375 0.432812 0.910937 0.432812 0.912500 0.434375 0.912500 0.435937 0.918750 0.442188 0.918750 0.443750 0.920312 0.443750 0.926562 0.450000 0.926562 0.453125 0.931250 0.457813 0.929688 0.459375 0.934375 0.464062 0.934375 0.465625 0.940625 0.471875 0.939063 0.473438 0.939063 0.475000 0.946875 0.482812 0.946875 0.484375 0.950000 0.487500 0.950000 0.489063 0.953125 0.492188 0.953125 0.493750 0.954688 0.495312 0.956250 0.495312 0.962500 0.501563 0.962500 0.503125 0.964063 0.504687 0.965625 0.504687 0.967187 0.506250 0.967187 0.507812 0.973437 0.514062 0.975000 0.514062 0.978125 0.517188 0.978125 0.518750 0.982812 0.523438 0.984375 0.523438 0.989062 0.526563 0.992188 0.526563 0.993750 0.528125 0.993750 0.529687 0.995313 0.529687 0.995313 0.520312 0.996875 0.518750 0.996875 0.506250 0.998437 0.504687
0 0.709375 0.335938 0.709375 0.337500 0.710938 0.339062 0.710938 0.340625 0.715625 0.345313 0.714063 0.346875 0.717187 0.350000 0.717187 0.351562 0.720313 0.354687 0.720313 0.356250 0.723437 0.359375 0.721875 0.360938 0.726562 0.365625 0.726562 0.367188 0.729688 0.370312 0.729688 0.373437 0.731250 0.375000 0.731250 0.378125 0.734375 0.381250 0.734375 0.382812 0.735938 0.384375 0.737500 0.384375 0.739062 0.385937 0.742188 0.385937 0.743750 0.387500 0.743750 0.389062 0.745313 0.389062 0.746875 0.390625 0.750000 0.390625 0.751563 0.392188 0.756250 0.392188 0.757812 0.393750 0.757812 0.395313 0.760938 0.395313 0.762500 0.396875 0.765625 0.396875 0.767188 0.398438 0.770312 0.398438 0.771875 0.400000 0.771875 0.401562 0.779687 0.401562 0.781250 0.400000 0.784375 0.400000 0.785937 0.401562 0.793750 0.401562 0.795312 0.400000 0.798438 0.400000 0.800000 0.401562 0.806250 0.401562 0.807813 0.400000 0.812500 0.400000 0.814063 0.401562 0.815625 0.401562 0.817187 0.400000 0.821875 0.400000 0.823438 0.398438 0.826562 0.398438 0.828125 0.396875 0.829688 0.398438 0.831250 0.398438 0.832812 0.396875 0.837500 0.396875 0.839063 0.395313 0.842187 0.395313 0.842187 0.392188 0.840625 0.390625 0.840625 0.385937 0.839063 0.384375 0.839063 0.382812 0.840625 0.381250 0.840625 0.379688 0.839063 0.378125 0.839063 0.376563 0.829688 0.367188 0.829688 0.364063 0.815625 0.350000 0.815625 0.348438 0.814063 0.348438 0.812500 0.346875 0.810937 0.346875 0.809375 0.345313 0.806250 0.345313 0.804688 0.343750 0.803125 0.343750 0.800000 0.340625 0.796875 0.340625 0.795312 0.339062 0.790625 0.339062 0.785937 0.334375 0.775000 0.334375 0.773438 0.332813 0.760938 0.332813 0.759375 0.331250 0.756250 0.331250 0.754687 0.329688 0.750000 0.329688 0.748437 0.328125 0.746875 0.328125 0.745313 0.326562 0.743750 0.326562 0.742188 0.325000 0.732812 0.325000 0.731250 0.323437 0.723437 0.323437 0.721875 0.325000 0.718750 0.325000 0.710938 0.332813 0.710938 0.334375
0 0.195312 0.332813 0.193750 0.331250 0.192188 0.331250 0.190625 0.329688 0.189062 0.329688 0.187500 0.328125 0.185938 0.328125 0.182812 0.325000 0.181250 0.325000 0.179688 0.323437 0.178125 0.323437 0.176563 0.325000 0.171875 0.325000 0.170313 0.323437 0.168750 0.325000 0.160938 0.325000 0.159375 0.326562 0.157812 0.326562 0.156250 0.325000 0.154688 0.325000 0.150000 0.329688 0.148438 0.329688 0.142187 0.335938 0.140625 0.335938 0.137500 0.339062 0.137500 0.340625 0.134375 0.343750 0.132812 0.343750 0.131250 0.345313 0.131250 0.350000 0.129688 0.351562 0.129688 0.356250 0.128125 0.357812 0.129688 0.359375 0.131250 0.359375 0.134375 0.362500 0.135937 0.362500 0.142187 0.368750 0.143750 0.368750 0.145313 0.367188 0.148438 0.367188 0.150000 0.365625 0.157812 0.365625 0.159375 0.364063 0.160938 0.364063 0.162500 0.362500 0.164062 0.362500 0.165625 0.360938 0.167187 0.360938 0.168750 0.359375 0.170313 0.360938 0.173437 0.357812 0.176563 0.357812 0.178125 0.356250 0.179688 0.356250 0.182812 0.353125 0.185938 0.353125 0.190625 0.348438 0.190625 0.346875 0.193750 0.343750 0.193750 0.337500 0.195312 0.335938
0 0.550000 0.312500 0.546875 0.312500 0.545312 0.310937 0.531250 0.310937 0.529687 0.309375 0.528125 0.310937 0.517188 0.310937 0.515625 0.309375 0.514062 0.310937 0.506250 0.310937 0.504687 0.312500 0.500000 0.312500 0.498437 0.314063 0.496875 0.314063 0.495312 0.315625 0.493750 0.315625 0.492188 0.317188 0.492188 0.318750 0.490625 0.320312 0.489063 0.320312 0.489063 0.321875 0.485938 0.325000 0.485938 0.326562 0.484375 0.328125 0.484375 0.329688 0.482812 0.331250 0.482812 0.332813 0.484375 0.334375 0.485938 0.334375 0.487500 0.335938 0.487500 0.337500 0.489063 0.337500 0.490625 0.339062 0.492188 0.339062 0.493750 0.340625 0.500000 0.340625 0.501563 0.342187 0.510938 0.342187 0.512500 0.340625 0.517188 0.340625 0.518750 0.339062 0.520312 0.339062 0.521875 0.337500 0.523438 0.337500 0.525000 0.335938 0.526563 0.335938 0.528125 0.334375 0.529687 0.335938 0.531250 0.334375 0.532813 0.334375 0.537500 0.329688 0.539062 0.329688 0.546875 0.321875 0.546875 0.320312 0.548438 0.318750 0.548438 0.315625 0.550000 0.314063
0 0.304688 0.307812 0.300000 0.303125 0.300000 0.301563 0.287500 0.301563 0.285938 0.300000 0.273438 0.300000 0.271875 0.298438 0.270313 0.300000 0.265625 0.300000 0.264062 0.301563 0.262500 0.301563 0.260937 0.303125 0.256250 0.303125 0.254688 0.304688 0.253125 0.304688 0.251563 0.306250 0.248438 0.306250 0.248438 0.307812 0.246875 0.309375 0.246875 0.310937 0.245312 0.312500 0.245312 0.314063 0.243750 0.315625 0.243750 0.317188 0.245312 0.318750 0.245312 0.320312 0.250000 0.325000 0.250000 0.326562 0.257812 0.334375 0.257812 0.335938 0.268750 0.335938 0.270313 0.334375 0.271875 0.335938 0.282813 0.335938 0.284375 0.334375 0.287500 0.334375 0.293750 0.328125 0.295312 0.328125 0.298438 0.325000 0.298438 0.323437 0.300000 0.321875 0.301563 0.321875 0.303125 0.320312 0.303125 0.317188 0.304688 0.315625 0.304688 0.314063 0.306250 0.312500 0.306250 0.310937 0.304688 0.309375
0 0.417187 0.285938 0.412500 0.285938 0.410938 0.284375 0.404687 0.284375 0.403125 0.282813 0.393750 0.282813 0.392188 0.284375 0.389062 0.284375 0.387500 0.282813 0.382812 0.282813 0.379688 0.285938 0.379688 0.289062 0.378125 0.290625 0.378125 0.292187 0.376563 0.293750 0.376563 0.296875 0.375000 0.298438 0.373437 0.298438 0.371875 0.300000 0.371875 0.301563 0.370312 0.303125 0.370312 0.304688 0.367188 0.307812 0.367188 0.309375 0.362500 0.314063 0.362500 0.315625 0.360938 0.317188 0.360938 0.321875 0.359375 0.323437 0.359375 0.325000 0.357812 0.326562 0.360938 0.329688 0.362500 0.329688 0.373437 0.340625 0.373437 0.342187 0.375000 0.340625 0.376563 0.340625 0.379688 0.337500 0.393750 0.337500 0.395313 0.335938 0.398438 0.335938 0.400000 0.334375 0.401562 0.334375 0.401562 0.332813 0.406250 0.328125 0.407813 0.328125 0.407813 0.326562 0.410938 0.323437 0.410938 0.321875 0.412500 0.320312 0.412500 0.315625 0.414062 0.314063 0.415625 0.314063 0.415625 0.301563 0.417187 0.300000 0.418750 0.300000 0.418750 0.287500
0 0.098437 0.295312 0.096875 0.293750 0.096875 0.292187 0.095312 0.290625 0.095312 0.289062 0.093750 0.287500 0.090625 0.287500 0.089063 0.285938 0.087500 0.285938 0.085938 0.284375 0.082812 0.284375 0.081250 0.282813 0.075000 0.282813 0.071875 0.279687 0.067187 0.279687 0.065625 0.281250 0.064062 0.281250 0.062500 0.282813 0.054688 0.282813 0.053125 0.284375 0.051562 0.284375 0.050000 0.285938 0.046875 0.285938 0.045312 0.287500 0.040625 0.287500 0.035937 0.292187 0.034375 0.292187 0.031250 0.295312 0.028125 0.295312 0.028125 0.296875 0.026562 0.298438 0.026562 0.300000 0.023438 0.303125 0.023438 0.304688 0.018750 0.309375 0.018750 0.317188 0.020313 0.318750 0.020313 0.321875 0.018750 0.323437 0.018750 0.325000 0.020313 0.326562 0.021875 0.326562 0.023438 0.328125 0.025000 0.328125 0.026562 0.329688 0.029687 0.329688 0.031250 0.328125 0.032813 0.328125 0.034375 0.326562 0.035937 0.326562 0.037500 0.325000 0.039062 0.325000 0.040625 0.323437 0.045312 0.323437 0.046875 0.321875 0.048438 0.321875 0.050000 0.320312 0.051562 0.320312 0.053125 0.318750 0.054688 0.318750 0.056250 0.317188 0.057813 0.318750 0.059375 0.317188 0.062500 0.317188 0.064062 0.315625 0.065625 0.315625 0.067187 0.314063 0.073438 0.314063 0.075000 0.312500 0.078125 0.312500 0.079687 0.310937 0.082812 0.310937 0.084375 0.309375 0.085938 0.310937 0.089063 0.307812 0.089063 0.306250 0.093750 0.301563 0.093750 0.300000 0.096875 0.296875 0.098437 0.296875
0 0.484375 0.270313 0.485938 0.271875 0.487500 0.271875 0.490625 0.275000 0.490625 0.276562 0.492188 0.276562 0.493750 0.278125 0.498437 0.278125 0.500000 0.279687 0.503125 0.279687 0.506250 0.282813 0.510938 0.282813 0.512500 0.284375 0.515625 0.284375 0.520312 0.289062 0.523438 0.289062 0.525000 0.287500 0.526563 0.287500 0.528125 0.285938 0.529687 0.285938 0.531250 0.284375 0.532813 0.285938 0.532813 0.282813 0.534375 0.281250 0.534375 0.279687 0.535937 0.278125 0.535937 0.276562 0.534375 0.275000 0.534375 0.273438 0.532813 0.271875 0.532813 0.268750 0.531250 0.267188 0.531250 0.265625 0.529687 0.264062 0.528125 0.264062 0.526563 0.262500 0.520312 0.262500 0.518750 0.260937 0.506250 0.260937 0.504687 0.259375 0.498437 0.259375 0.495312 0.262500 0.493750 0.262500 0.490625 0.265625 0.489063 0.265625
0 0.265625 0.275000 0.271875 0.275000 0.275000 0.278125 0.281250 0.278125 0.282813 0.276562 0.287500 0.276562 0.289062 0.278125 0.290625 0.278125 0.292187 0.276562 0.296875 0.276562 0.298438 0.275000 0.300000 0.275000 0.301563 0.273438 0.303125 0.275000 0.304688 0.273438 0.306250 0.273438 0.307812 0.271875 0.307812 0.270313 0.309375 0.268750 0.309375 0.267188 0.310937 0.265625 0.312500 0.265625 0.312500 0.264062 0.314063 0.262500 0.310937 0.259375 0.309375 0.259375 0.306250 0.256250 0.304688 0.256250 0.303125 0.254688 0.292187 0.254688 0.290625 0.256250 0.289062 0.254688 0.285938 0.254688 0.284375 0.256250 0.282813 0.256250 0.281250 0.257812 0.279687 0.257812 0.276562 0.260937 0.275000 0.259375 0.273438 0.260937 0.271875 0.260937 0.267188 0.265625 0.267188 0.270313 0.265625 0.271875
0 0.575000 0.281250 0.576562 0.282813 0.576562 0.287500 0.578125 0.289062 0.578125 0.290625 0.579688 0.290625 0.581250 0.292187 0.585938 0.293750 0.590625 0.298438 0.592187 0.296875 0.595313 0.296875 0.596875 0.295312 0.600000 0.295312 0.601562 0.293750 0.603125 0.293750 0.604688 0.295312 0.617188 0.295312 0.618750 0.296875 0.640625 0.296875 0.642188 0.295312 0.645312 0.295312 0.646875 0.293750 0.648438 0.295312 0.650000 0.295312 0.651563 0.293750 0.654687 0.293750 0.656250 0.292187 0.659375 0.292187 0.660937 0.290625 0.662500 0.292187 0.664062 0.292187 0.665625 0.290625 0.668750 0.290625 0.670312 0.289062 0.673438 0.289062 0.675000 0.287500 0.676562 0.289062 0.689063 0.289062 0.690625 0.290625 0.692187 0.289062 0.695312 0.289062 0.696875 0.287500 0.700000 0.287500 0.701562 0.285938 0.709375 0.285938 0.710938 0.284375 0.714063 0.284375 0.718750 0.281250 0.720313 0.282813 0.721875 0.281250 0.723437 0.281250 0.731250 0.276562 0.732812 0.276562 0.734375 0.278125 0.735938 0.276562 0.739062 0.276562 0.740625 0.275000 0.745313 0.275000 0.746875 0.273438 0.751563 0.275000 0.753125 0.273438 0.756250 0.273438 0.757812 0.271875 0.760938 0.271875 0.762500 0.270313 0.764062 0.271875 0.767188 0.271875 0.768750 0.270313 0.771875 0.270313 0.776563 0.267188 0.778125 0.268750 0.782813 0.264062 0.787500 0.262500 0.787500 0.260937 0.790625 0.256250 0.790625 0.253125 0.796875 0.246875 0.796875 0.243750 0.798438 0.242188 0.800000 0.237500 0.796875 0.234375 0.795312 0.234375 0.793750 0.232813 0.793750 0.231250 0.781250 0.231250 0.779687 0.229687 0.773438 0.229687 0.771875 0.231250 0.765625 0.231250 0.764062 0.229687 0.760938 0.229687 0.759375 0.231250 0.751563 0.231250 0.750000 0.229687 0.748437 0.231250 0.740625 0.231250 0.739062 0.232813 0.737500 0.232813 0.735938 0.231250 0.728125 0.231250 0.726562 0.232813 0.723437 0.232813 0.721875 0.231250 0.712500 0.231250 0.710938 0.232813 0.709375 0.232813 0.707812 0.231250 0.701562 0.231250 0.700000 0.232813 0.693750 0.232813 0.692187 0.231250 0.684375 0.231250 0.682813 0.232813 0.679688 0.232813 0.678125 0.231250 0.665625 0.231250 0.664062 0.229687 0.651563 0.229687 0.650000 0.228125 0.637500 0.228125 0.635938 0.226562 0.623437 0.226562 0.621875 0.225000 0.612500 0.225000 0.610938 0.226562 0.606250 0.226562 0.604688 0.228125 0.603125 0.228125 0.595313 0.234375 0.592187 0.234375 0.584375 0.242188 0.584375 0.245312 0.582812 0.246875 0.582812 0.251563 0.579688 0.254688 0.579688 0.259375 0.578125 0.260937 0.576562 0.265625 0.575000 0.267188 0.573438 0.267188 0.573438 0.270313 0.575000 0.271875 0.575000 0.275000 0.576562 0.276562 0.576562 0.279687
0 0.829688 0.203125 0.829688 0.204687 0.831250 0.206250 0.831250 0.210938 0.832812 0.212500 0.834375 0.212500 0.835938 0.214062 0.837500 0.214062 0.839063 0.215625 0.839063 0.217188 0.840625 0.217188 0.845313 0.221875 0.845313 0.223438 0.846875 0.223438 0.853125 0.229687 0.853125 0.231250 0.856250 0.234375 0.857812 0.234375 0.860938 0.237500 0.860938 0.239063 0.862500 0.239063 0.867188 0.243750 0.868750 0.243750 0.870313 0.245312 0.871875 0.245312 0.873437 0.246875 0.875000 0.246875 0.876563 0.248438 0.878125 0.248438 0.879687 0.250000 0.879687 0.251563 0.881250 0.251563 0.884375 0.254688 0.889062 0.254688 0.890625 0.256250 0.892188 0.256250 0.893750 0.257812 0.896875 0.254688 0.898438 0.254688 0.900000 0.253125 0.901563 0.253125 0.907813 0.246875 0.909375 0.246875 0.910937 0.245312 0.910937 0.243750 0.914062 0.240625 0.915625 0.240625 0.917188 0.239063 0.917188 0.237500 0.921875 0.232813 0.923438 0.232813 0.926562 0.229687 0.926562 0.228125 0.928125 0.226562 0.926562 0.225000 0.926562 0.220312 0.925000 0.218750 0.925000 0.214062 0.926562 0.212500 0.925000 0.210938 0.925000 0.206250 0.923438 0.204687 0.923438 0.200000 0.921875 0.198437 0.917188 0.198437 0.915625 0.196875 0.912500 0.196875 0.910937 0.195312 0.896875 0.195312 0.895312 0.193750 0.882812 0.193750 0.881250 0.192188 0.868750 0.192188 0.867188 0.190625 0.854688 0.190625 0.853125 0.189062 0.851562 0.190625 0.845313 0.190625 0.840625 0.195312 0.837500 0.195312
0 0.726562 0.190625 0.729688 0.193750 0.731250 0.193750 0.739062 0.201563 0.739062 0.204687 0.740625 0.204687 0.748437 0.212500 0.750000 0.212500 0.753125 0.215625 0.753125 0.217188 0.754687 0.218750 0.759375 0.218750 0.760938 0.220312 0.764062 0.220312 0.767188 0.223438 0.768750 0.223438 0.770312 0.221875 0.773438 0.221875 0.775000 0.220312 0.776563 0.220312 0.778125 0.218750 0.781250 0.218750 0.782813 0.217188 0.782813 0.214062 0.781250 0.212500 0.781250 0.207813 0.779687 0.206250 0.781250 0.204687 0.781250 0.201563 0.775000 0.195312 0.773438 0.195312 0.767188 0.189062 0.767188 0.187500 0.754687 0.187500 0.753125 0.185938 0.740625 0.185938 0.739062 0.184375 0.737500 0.184375 0.735938 0.185938 0.734375 0.185938 0.731250 0.189062 0.728125 0.189062
0 0.623437 0.176563 0.625000 0.178125 0.625000 0.179688 0.626563 0.179688 0.628125 0.181250 0.629687 0.181250 0.631250 0.182812 0.632812 0.182812 0.634375 0.184375 0.637500 0.184375 0.640625 0.187500 0.651563 0.187500 0.653125 0.189062 0.660937 0.189062 0.662500 0.187500 0.665625 0.187500 0.667188 0.189062 0.668750 0.189062 0.670312 0.187500 0.676562 0.187500 0.678125 0.185938 0.681250 0.185938 0.682813 0.187500 0.693750 0.187500 0.695312 0.185938 0.696875 0.187500 0.698438 0.185938 0.701562 0.185938 0.703125 0.184375 0.704688 0.184375 0.707812 0.181250 0.712500 0.181250 0.714063 0.179688 0.714063 0.178125 0.715625 0.176563 0.715625 0.173437 0.718750 0.170313 0.718750 0.168750 0.715625 0.168750 0.714063 0.170313 0.712500 0.170313 0.710938 0.168750 0.698438 0.168750 0.696875 0.167187 0.682813 0.167187 0.681250 0.165625 0.668750 0.165625 0.667188 0.164062 0.659375 0.164062 0.657813 0.165625 0.654687 0.165625 0.653125 0.164062 0.650000 0.164062 0.648438 0.165625 0.642188 0.165625 0.640625 0.167187 0.639062 0.165625 0.635938 0.165625 0.634375 0.167187 0.629687 0.167187 0.628125 0.168750 0.626563 0.168750 0.625000 0.167187 0.623437 0.168750
0 0.510938 0.176563 0.512500 0.178125 0.512500 0.179688 0.514062 0.181250 0.514062 0.182812 0.515625 0.184375 0.515625 0.185938 0.518750 0.189062 0.520312 0.189062 0.523438 0.192188 0.523438 0.193750 0.525000 0.193750 0.526563 0.195312 0.528125 0.195312 0.529687 0.196875 0.531250 0.196875 0.532813 0.198437 0.535937 0.198437 0.537500 0.200000 0.542188 0.200000 0.543750 0.201563 0.550000 0.201563 0.551562 0.203125 0.564063 0.203125 0.565625 0.204687 0.579688 0.204687 0.581250 0.206250 0.593750 0.206250 0.595313 0.207813 0.596875 0.207813 0.600000 0.210938 0.601562 0.210938 0.603125 0.212500 0.606250 0.209375 0.610938 0.209375 0.612500 0.207813 0.614062 0.207813 0.615625 0.206250 0.617188 0.206250 0.618750 0.204687 0.620313 0.204687 0.621875 0.203125 0.623437 0.204687 0.625000 0.203125 0.626563 0.203125 0.628125 0.201563 0.629687 0.201563 0.623437 0.195312 0.623437 0.193750 0.621875 0.192188 0.620313 0.192188 0.615625 0.187500 0.614062 0.187500 0.609375 0.182812 0.609375 0.181250 0.607812 0.181250 0.606250 0.179688 0.604688 0.179688 0.601562 0.176563 0.600000 0.176563 0.598437 0.175000 0.596875 0.175000 0.595313 0.173437 0.595313 0.171875 0.593750 0.171875 0.592187 0.170313 0.590625 0.170313 0.589063 0.168750 0.587500 0.168750 0.584375 0.165625 0.582812 0.165625 0.581250 0.164062 0.581250 0.162500 0.576562 0.162500 0.575000 0.160938 0.568750 0.160938 0.567187 0.159375 0.567187 0.157812 0.560937 0.157812 0.559375 0.156250 0.554688 0.156250 0.553125 0.154688 0.542188 0.154688 0.540625 0.156250 0.539062 0.154688 0.535937 0.157812 0.534375 0.157812 0.529687 0.162500 0.528125 0.162500 0.526563 0.164062 0.521875 0.164062 0.517188 0.168750 0.515625 0.168750 0.512500 0.171875 0.512500 0.175000
0 0.795312 0.160938 0.793750 0.159375 0.792188 0.159375 0.790625 0.157812 0.789062 0.157812 0.787500 0.156250 0.785937 0.156250 0.779687 0.150000 0.779687 0.145313 0.778125 0.143750 0.778125 0.142187 0.776563 0.140625 0.776563 0.139063 0.773438 0.134375 0.775000 0.132812 0.771875 0.128125 0.776563 0.123438 0.776563 0.121875 0.779687 0.118750 0.781250 0.118750 0.782813 0.117188 0.778125 0.112500 0.776563 0.112500 0.771875 0.107813 0.771875 0.106250 0.759375 0.106250 0.757812 0.104688 0.750000 0.104688 0.748437 0.106250 0.737500 0.106250 0.735938 0.107813 0.732812 0.107813 0.729688 0.110937 0.728125 0.109375 0.723437 0.114062 0.721875 0.114062 0.718750 0.117188 0.714063 0.117188 0.709375 0.121875 0.709375 0.123438 0.703125 0.129688 0.700000 0.129688 0.698438 0.128125 0.696875 0.128125 0.695312 0.129688 0.671875 0.129688 0.670312 0.128125 0.667188 0.128125 0.665625 0.129688 0.656250 0.129688 0.654687 0.128125 0.653125 0.128125 0.651563 0.129688 0.650000 0.129688 0.646875 0.132812 0.645312 0.132812 0.642188 0.135937 0.640625 0.134375 0.637500 0.137500 0.637500 0.139063 0.632812 0.142187 0.632812 0.143750 0.631250 0.145313 0.631250 0.146875 0.634375 0.151562 0.634375 0.154688 0.639062 0.154688 0.640625 0.156250 0.653125 0.156250 0.654687 0.157812 0.657813 0.157812 0.659375 0.156250 0.679688 0.156250 0.681250 0.154688 0.682813 0.154688 0.684375 0.156250 0.692187 0.156250 0.693750 0.154688 0.696875 0.154688 0.698438 0.156250 0.704688 0.156250 0.706250 0.154688 0.710938 0.154688 0.712500 0.156250 0.725000 0.156250 0.726562 0.157812 0.739062 0.157812 0.740625 0.159375 0.754687 0.159375 0.756250 0.160938 0.768750 0.160938 0.770312 0.162500 0.770312 0.164062 0.781250 0.175000 0.782813 0.173437 0.784375 0.173437 0.784375 0.171875 0.790625 0.165625 0.790625 0.164062
