0 0.354687 0.943750 0.354687 0.950000 0.353125 0.951562 0.353125 0.953125 0.351562 0.954688 0.351562 0.956250 0.350000 0.957812 0.350000 0.962500 0.348438 0.964063 0.348438 0.970313 0.346875 0.971875 0.346875 0.976562 0.348438 0.978125 0.348438 0.985938 0.350000 0.987500 0.350000 0.998437 0.403125 0.998437 0.404687 0.996875 0.404687 0.992188 0.406250 0.990625 0.406250 0.985938 0.407813 0.984375 0.407813 0.976562 0.406250 0.975000 0.406250 0.971875 0.404687 0.970313 0.404687 0.968750 0.401562 0.965625 0.401562 0.964063 0.400000 0.962500 0.398438 0.962500 0.396875 0.960938 0.396875 0.959375 0.392188 0.954688 0.392188 0.953125 0.387500 0.948438 0.384375 0.948438 0.382812 0.946875 0.379688 0.946875 0.378125 0.945312 0.376563 0.945312 0.375000 0.943750 0.373437 0.943750 0.371875 0.942187 0.370312 0.942187 0.368750 0.940625 0.364063 0.940625 0.362500 0.942187 0.357812 0.942187 0.356250 0.943750
0 0.057813 0.885938 0.056250 0.885938 0.054688 0.887500 0.053125 0.887500 0.051562 0.889062 0.050000 0.889062 0.048438 0.890625 0.045312 0.890625 0.043750 0.892188 0.042188 0.892188 0.040625 0.893750 0.039062 0.893750 0.034375 0.898438 0.032813 0.898438 0.032813 0.901563 0.028125 0.906250 0.028125 0.907813 0.023438 0.912500 0.023438 0.914062 0.021875 0.915625 0.021875 0.920312 0.023438 0.921875 0.023438 0.928125 0.026562 0.931250 0.026562 0.939063 0.028125 0.940625 0.028125 0.948438 0.029687 0.950000 0.029687 0.954688 0.034375 0.959375 0.034375 0.960938 0.035937 0.962500 0.035937 0.964063 0.037500 0.965625 0.037500 0.967187 0.040625 0.970313 0.040625 0.971875 0.043750 0.975000 0.045312 0.975000 0.046875 0.976562 0.048438 0.976562 0.050000 0.978125 0.051562 0.976562 0.053125 0.976562 0.056250 0.973437 0.057813 0.973437 0.059375 0.971875 0.060937 0.971875 0.064062 0.968750 0.065625 0.968750 0.065625 0.967187 0.068750 0.964063 0.068750 0.962500 0.070312 0.960938 0.070312 0.959375 0.073438 0.956250 0.071875 0.954688 0.075000 0.951562 0.075000 0.950000 0.076563 0.948438 0.076563 0.946875 0.078125 0.945312 0.078125 0.932813 0.079687 0.931250 0.079687 0.928125 0.078125 0.926562 0.078125 0.898438 0.076563 0.896875 0.076563 0.893750 0.075000 0.893750 0.073438 0.892188 0.071875 0.892188 0.070312 0.890625 0.068750 0.890625 0.067187 0.889062 0.062500 0.889062 0.060937 0.887500 0.059375 0.887500
0 0.478125 0.854688 0.475000 0.854688 0.473438 0.856250 0.467187 0.856250 0.467187 0.857812 0.465625 0.859375 0.462500 0.859375 0.460938 0.860938 0.460938 0.862500 0.459375 0.864062 0.459375 0.865625 0.457813 0.867188 0.457813 0.870313 0.456250 0.871875 0.456250 0.873437 0.454688 0.875000 0.454688 0.876563 0.453125 0.878125 0.453125 0.879687 0.448437 0.884375 0.448437 0.885938 0.446875 0.887500 0.446875 0.889062 0.445312 0.890625 0.445312 0.892188 0.443750 0.893750 0.443750 0.895312 0.442188 0.896875 0.442188 0.898438 0.440625 0.900000 0.440625 0.901563 0.439063 0.903125 0.439063 0.906250 0.437500 0.907813 0.437500 0.909375 0.435937 0.910937 0.435937 0.912500 0.434375 0.914062 0.434375 0.915625 0.432812 0.917188 0.434375 0.918750 0.434375 0.920312 0.432812 0.921875 0.432812 0.923438 0.431250 0.925000 0.431250 0.928125 0.429688 0.929688 0.429688 0.931250 0.428125 0.932813 0.428125 0.934375 0.426563 0.935937 0.426563 0.939063 0.425000 0.940625 0.425000 0.942187 0.423438 0.943750 0.423438 0.945312 0.426563 0.948438 0.426563 0.953125 0.428125 0.954688 0.428125 0.957812 0.429688 0.959375 0.429688 0.964063 0.431250 0.965625 0.431250 0.968750 0.432812 0.970313 0.432812 0.973437 0.434375 0.973437 0.435937 0.975000 0.435937 0.979688 0.437500 0.981250 0.437500 0.982812 0.439063 0.984375 0.442188 0.984375 0.443750 0.985938 0.445312 0.985938 0.446875 0.987500 0.448437 0.987500 0.450000 0.989062 0.451562 0.989062 0.453125 0.987500 0.457813 0.987500 0.459375 0.985938 0.464062 0.985938 0.465625 0.984375 0.468750 0.984375 0.471875 0.981250 0.475000 0.981250 0.482812 0.973437 0.482812 0.971875 0.487500 0.967187 0.487500 0.957812 0.489063 0.956250 0.489063 0.945312 0.487500 0.943750 0.487500 0.917188 0.485938 0.915625 0.485938 0.914062 0.487500 0.912500 0.487500 0.895312 0.489063 0.893750 0.489063 0.887500 0.487500 0.885938 0.487500 0.876563 0.489063 0.875000 0.489063 0.865625 0.484375 0.860938 0.484375 0.859375 0.482812 0.859375
0 0.339062 0.809375 0.328125 0.809375 0.325000 0.812500 0.323437 0.812500 0.321875 0.814063 0.321875 0.815625 0.318750 0.818750 0.317188 0.818750 0.312500 0.823438 0.312500 0.825000 0.310937 0.826562 0.310937 0.828125 0.309375 0.829688 0.309375 0.831250 0.307812 0.832812 0.307812 0.837500 0.306250 0.839063 0.306250 0.840625 0.304688 0.842187 0.304688 0.862500 0.306250 0.864062 0.306250 0.879687 0.304688 0.881250 0.304688 0.882812 0.303125 0.884375 0.303125 0.885938 0.301563 0.887500 0.301563 0.889062 0.300000 0.890625 0.301563 0.892188 0.301563 0.893750 0.300000 0.895312 0.300000 0.896875 0.298438 0.898438 0.298438 0.900000 0.296875 0.901563 0.296875 0.903125 0.295312 0.904687 0.295312 0.912500 0.293750 0.914062 0.293750 0.920312 0.295312 0.921875 0.295312 0.923438 0.293750 0.925000 0.293750 0.932813 0.292187 0.934375 0.292187 0.940625 0.293750 0.942187 0.293750 0.946875 0.296875 0.950000 0.296875 0.951562 0.298438 0.953125 0.298438 0.957812 0.300000 0.959375 0.300000 0.960938 0.303125 0.964063 0.304688 0.964063 0.307812 0.967187 0.314063 0.967187 0.315625 0.965625 0.323437 0.965625 0.328125 0.960938 0.329688 0.960938 0.331250 0.959375 0.332813 0.959375 0.334375 0.957812 0.335938 0.957812 0.339062 0.954688 0.339062 0.953125 0.342187 0.950000 0.342187 0.945312 0.343750 0.943750 0.343750 0.942187 0.345313 0.940625 0.345313 0.939063 0.346875 0.937500 0.346875 0.935937 0.348438 0.934375 0.348438 0.926562 0.346875 0.925000 0.346875 0.920312 0.345313 0.918750 0.345313 0.892188 0.343750 0.890625 0.343750 0.870313 0.345313 0.868750 0.345313 0.862500 0.343750 0.860938 0.343750 0.848437 0.345313 0.846875 0.345313 0.834375 0.343750 0.832812 0.343750 0.831250 0.345313 0.829688 0.345313 0.820312 0.343750 0.818750 0.343750 0.817187 0.342187 0.815625 0.342187 0.814063 0.340625 0.812500 0.340625 0.810937
0 0.687500 0.557813 0.684375 0.560937 0.679688 0.560937 0.678125 0.562500 0.673438 0.562500 0.671875 0.564063 0.670312 0.564063 0.650000 0.584375 0.648438 0.584375 0.643750 0.589063 0.643750 0.590625 0.642188 0.592187 0.642188 0.593750 0.640625 0.595313 0.642188 0.596875 0.639062 0.600000 0.639062 0.601562 0.637500 0.603125 0.637500 0.604688 0.635938 0.606250 0.635938 0.607812 0.634375 0.609375 0.634375 0.610938 0.632812 0.612500 0.632812 0.614062 0.631250 0.615625 0.631250 0.617188 0.629687 0.618750 0.629687 0.620313 0.626563 0.623437 0.628125 0.625000 0.625000 0.628125 0.625000 0.629687 0.623437 0.631250 0.623437 0.632812 0.621875 0.634375 0.621875 0.635938 0.623437 0.637500 0.623437 0.640625 0.625000 0.642188 0.625000 0.646875 0.626563 0.648438 0.626563 0.651563 0.629687 0.654687 0.629687 0.656250 0.631250 0.657813 0.631250 0.659375 0.632812 0.657813 0.660937 0.657813 0.662500 0.656250 0.664062 0.656250 0.665625 0.654687 0.667188 0.654687 0.668750 0.653125 0.670312 0.653125 0.673438 0.650000 0.675000 0.650000 0.676562 0.648438 0.676562 0.646875 0.678125 0.645312 0.678125 0.643750 0.679688 0.642188 0.679688 0.640625 0.681250 0.639062 0.681250 0.637500 0.682813 0.635938 0.682813 0.634375 0.684375 0.632812 0.684375 0.629687 0.685937 0.628125 0.685937 0.617188 0.687500 0.615625 0.687500 0.609375 0.689063 0.607812 0.689063 0.603125 0.690625 0.601562 0.690625 0.596875 0.692187 0.595313 0.690625 0.593750 0.690625 0.590625 0.692187 0.589063 0.692187 0.584375 0.693750 0.582812 0.693750 0.578125 0.692187 0.576562 0.692187 0.570312 0.690625 0.568750 0.690625 0.567187 0.689063 0.565625 0.689063 0.562500 0.687500 0.560937
0 0.612500 0.540625 0.610938 0.540625 0.609375 0.542188 0.604688 0.542188 0.603125 0.543750 0.601562 0.543750 0.600000 0.545312 0.598437 0.545312 0.596875 0.546875 0.593750 0.546875 0.592187 0.548438 0.589063 0.548438 0.587500 0.550000 0.584375 0.550000 0.582812 0.551562 0.581250 0.551562 0.579688 0.553125 0.576562 0.553125 0.575000 0.554688 0.573438 0.554688 0.570312 0.557813 0.559375 0.557813 0.557813 0.559375 0.545312 0.559375 0.543750 0.560937 0.537500 0.560937 0.535937 0.562500 0.526563 0.562500 0.525000 0.564063 0.525000 0.565625 0.520312 0.570312 0.521875 0.571875 0.517188 0.576562 0.517188 0.579688 0.515625 0.581250 0.515625 0.582812 0.514062 0.584375 0.514062 0.585938 0.512500 0.587500 0.512500 0.589063 0.510938 0.590625 0.510938 0.593750 0.509375 0.595313 0.509375 0.596875 0.507812 0.598437 0.509375 0.600000 0.509375 0.601562 0.507812 0.603125 0.507812 0.604688 0.506250 0.606250 0.506250 0.607812 0.504687 0.609375 0.504687 0.612500 0.506250 0.614062 0.506250 0.617188 0.507812 0.618750 0.507812 0.620313 0.509375 0.621875 0.509375 0.625000 0.512500 0.628125 0.512500 0.629687 0.514062 0.631250 0.514062 0.632812 0.515625 0.634375 0.515625 0.637500 0.517188 0.639062 0.517188 0.640625 0.517188 0.639062 0.520312 0.635938 0.521875 0.635938 0.526563 0.631250 0.528125 0.631250 0.531250 0.628125 0.531250 0.626563 0.542188 0.615625 0.543750 0.615625 0.548438 0.610938 0.550000 0.610938 0.551562 0.609375 0.553125 0.609375 0.554688 0.607812 0.556250 0.607812 0.557813 0.606250 0.559375 0.606250 0.560937 0.604688 0.562500 0.604688 0.565625 0.601562 0.567187 0.601562 0.570312 0.598437 0.571875 0.598437 0.573438 0.596875 0.573438 0.595313 0.576562 0.592187 0.578125 0.592187 0.582812 0.587500 0.584375 0.587500 0.589063 0.582812 0.590625 0.582812 0.595313 0.578125 0.595313 0.576562 0.596875 0.575000 0.596875 0.573438 0.598437 0.571875 0.598437 0.570312 0.600000 0.568750 0.598437 0.567187 0.600000 0.565625 0.600000 0.562500 0.603125 0.559375 0.603125 0.557813 0.604688 0.556250 0.604688 0.554688 0.606250 0.553125 0.606250 0.551562 0.607812 0.550000 0.607812 0.548438 0.609375 0.546875 0.609375 0.545312 0.610938 0.543750 0.610938 0.542188
0 0.229687 0.537500 0.225000 0.542188 0.223438 0.542188 0.221875 0.543750 0.220312 0.543750 0.218750 0.545312 0.217188 0.545312 0.215625 0.546875 0.214062 0.546875 0.212500 0.548438 0.210938 0.548438 0.210938 0.554688 0.209375 0.556250 0.209375 0.559375 0.207813 0.560937 0.207813 0.578125 0.209375 0.578125 0.210938 0.579688 0.210938 0.595313 0.214062 0.598437 0.214062 0.600000 0.218750 0.604688 0.220312 0.604688 0.221875 0.606250 0.234375 0.606250 0.235937 0.607812 0.240625 0.607812 0.242188 0.609375 0.243750 0.609375 0.245312 0.607812 0.245312 0.606250 0.246875 0.604688 0.248438 0.604688 0.265625 0.587500 0.265625 0.585938 0.267188 0.584375 0.267188 0.578125 0.265625 0.576562 0.265625 0.553125 0.262500 0.550000 0.260937 0.550000 0.259375 0.548438 0.259375 0.546875 0.257812 0.545312 0.256250 0.545312 0.253125 0.542188 0.250000 0.542188 0.248438 0.540625 0.242188 0.540625 0.240625 0.539062 0.235937 0.539062 0.234375 0.537500
0 0.996875 0.475000 0.993750 0.475000 0.992188 0.476562 0.987500 0.476562 0.985938 0.478125 0.979688 0.478125 0.978125 0.479687 0.973437 0.479687 0.973437 0.481250 0.971875 0.482812 0.967187 0.482812 0.965625 0.484375 0.962500 0.484375 0.960938 0.485938 0.960938 0.487500 0.959375 0.489063 0.959375 0.490625 0.957812 0.492188 0.957812 0.493750 0.956250 0.495312 0.956250 0.496875 0.954688 0.498437 0.954688 0.503125 0.953125 0.504687 0.953125 0.506250 0.950000 0.509375 0.950000 0.510938 0.948438 0.512500 0.948438 0.514062 0.946875 0.515625 0.946875 0.517188 0.945312 0.518750 0.945312 0.521875 0.943750 0.523438 0.943750 0.526563 0.942187 0.528125 0.942187 0.529687 0.943750 0.531250 0.942187 0.532813 0.942187 0.534375 0.940625 0.535937 0.940625 0.539062 0.939063 0.540625 0.939063 0.545312 0.940625 0.546875 0.940625 0.551562 0.942187 0.553125 0.942187 0.557813 0.945312 0.560937 0.945312 0.565625 0.946875 0.567187 0.946875 0.568750 0.948438 0.570312 0.948438 0.571875 0.951562 0.575000 0.951562 0.576562 0.953125 0.578125 0.953125 0.579688 0.956250 0.582812 0.956250 0.584375 0.957812 0.585938 0.959375 0.585938 0.960938 0.587500 0.960938 0.589063 0.962500 0.590625 0.967187 0.590625 0.968750 0.589063 0.975000 0.589063 0.976562 0.587500 0.979688 0.587500 0.981250 0.585938 0.987500 0.585938 0.989062 0.584375 0.990625 0.584375 0.992188 0.582812 0.993750 0.582812 0.993750 0.575000 0.995313 0.573438 0.995313 0.557813 0.993750 0.556250 0.995313 0.554688 0.995313 0.537500 0.996875 0.535937 0.996875 0.529687 0.995313 0.528125 0.995313 0.518750 0.996875 0.517188 0.996875 0.501563 0.995313 0.500000 0.996875 0.498437
0 0.926562 0.540625 0.926562 0.531250 0.925000 0.529687 0.925000 0.517188 0.923438 0.515625 0.923438 0.503125 0.921875 0.501563 0.921875 0.493750 0.920312 0.492188 0.920312 0.487500 0.918750 0.485938 0.917188 0.475000 0.915625 0.475000 0.914062 0.473438 0.914062 0.470313 0.912500 0.468750 0.912500 0.467187 0.910937 0.467187 0.909375 0.465625 0.906250 0.465625 0.904687 0.464062 0.901563 0.464062 0.900000 0.462500 0.896875 0.462500 0.895312 0.460938 0.890625 0.462500 0.879687 0.473438 0.878125 0.473438 0.878125 0.475000 0.875000 0.478125 0.873437 0.478125 0.859375 0.492188 0.859375 0.493750 0.857812 0.495312 0.856250 0.495312 0.851562 0.498437 0.843750 0.500000 0.839063 0.503125 0.829688 0.503125 0.828125 0.504687 0.807813 0.504687 0.806250 0.503125 0.801562 0.503125 0.800000 0.504687 0.796875 0.504687 0.795312 0.503125 0.789062 0.503125 0.787500 0.501563 0.784375 0.501563 0.782813 0.500000 0.778125 0.500000 0.776563 0.498437 0.773438 0.498437 0.771875 0.496875 0.770312 0.498437 0.768750 0.498437 0.767188 0.496875 0.762500 0.495312 0.745313 0.481250 0.742188 0.481250 0.734375 0.476562 0.731250 0.476562 0.729688 0.475000 0.725000 0.475000 0.723437 0.473438 0.721875 0.473438 0.720313 0.475000 0.720313 0.476562 0.718750 0.478125 0.720313 0.479687 0.715625 0.487500 0.715625 0.506250 0.717187 0.507812 0.717187 0.518750 0.718750 0.520312 0.718750 0.523438 0.721875 0.528125 0.723437 0.535937 0.725000 0.535937 0.726562 0.537500 0.726562 0.539062 0.728125 0.540625 0.728125 0.543750 0.731250 0.548438 0.732812 0.548438 0.735938 0.551562 0.737500 0.551562 0.742188 0.556250 0.745313 0.556250 0.754687 0.562500 0.771875 0.554688 0.775000 0.551562 0.776563 0.551562 0.787500 0.545312 0.790625 0.545312 0.792188 0.543750 0.800000 0.540625 0.804688 0.535937 0.807813 0.535937 0.817187 0.529687 0.823438 0.529687 0.825000 0.531250 0.829688 0.531250 0.831250 0.529687 0.832812 0.529687 0.834375 0.531250 0.839063 0.531250 0.846875 0.539062 0.846875 0.540625 0.851562 0.545312 0.851562 0.546875 0.859375 0.554688 0.860938 0.554688 0.867188 0.559375 0.868750 0.559375 0.887500 0.578125 0.889062 0.578125 0.898438 0.587500 0.900000 0.587500 0.903125 0.590625 0.909375 0.585938 0.917188 0.582812 0.917188 0.581250 0.918750 0.579688 0.918750 0.576562 0.920312 0.575000 0.920312 0.570312 0.921875 0.568750 0.921875 0.562500 0.923438 0.560937 0.921875 0.559375 0.921875 0.556250 0.923438 0.554688 0.923438 0.548438 0.925000 0.546875 0.925000 0.542188
0 0.167187 0.384375 0.165625 0.385937 0.164062 0.384375 0.160938 0.384375 0.159375 0.385937 0.153125 0.385937 0.151562 0.387500 0.145313 0.387500 0.143750 0.389062 0.140625 0.389062 0.139063 0.390625 0.139063 0.392188 0.129688 0.401562 0.129688 0.403125 0.128125 0.404687 0.128125 0.406250 0.126562 0.407813 0.128125 0.409375 0.126562 0.410938 0.126562 0.412500 0.125000 0.414062 0.125000 0.415625 0.121875 0.418750 0.121875 0.420312 0.120313 0.421875 0.120313 0.423438 0.118750 0.425000 0.118750 0.426563 0.117188 0.428125 0.117188 0.429688 0.115625 0.431250 0.115625 0.432812 0.114062 0.434375 0.114062 0.435937 0.112500 0.437500 0.114062 0.439063 0.112500 0.440625 0.112500 0.442188 0.110937 0.443750 0.110937 0.446875 0.109375 0.448437 0.109375 0.451562 0.107813 0.453125 0.107813 0.454688 0.106250 0.456250 0.106250 0.457813 0.104688 0.459375 0.104688 0.460938 0.103125 0.462500 0.103125 0.464062 0.101562 0.465625 0.103125 0.467187 0.103125 0.493750 0.106250 0.496875 0.106250 0.515625 0.107813 0.517188 0.107813 0.523438 0.109375 0.525000 0.109375 0.526563 0.110937 0.526563 0.112500 0.525000 0.114062 0.525000 0.115625 0.526563 0.123438 0.526563 0.125000 0.528125 0.129688 0.528125 0.132812 0.525000 0.132812 0.523438 0.134375 0.521875 0.135937 0.521875 0.140625 0.517188 0.140625 0.515625 0.143750 0.512500 0.143750 0.510938 0.148438 0.506250 0.148438 0.504687 0.151562 0.501563 0.151562 0.500000 0.154688 0.496875 0.154688 0.493750 0.157812 0.490625 0.157812 0.489063 0.159375 0.487500 0.159375 0.485938 0.160938 0.484375 0.160938 0.482812 0.162500 0.481250 0.162500 0.478125 0.164062 0.476562 0.164062 0.475000 0.165625 0.473438 0.165625 0.470313 0.167187 0.468750 0.167187 0.460938 0.168750 0.459375 0.168750 0.457813 0.170313 0.456250 0.170313 0.453125 0.171875 0.451562 0.171875 0.450000 0.173437 0.448437 0.173437 0.445312 0.175000 0.443750 0.175000 0.442188 0.176563 0.440625 0.176563 0.439063 0.178125 0.437500 0.176563 0.435937 0.176563 0.434375 0.178125 0.432812 0.178125 0.431250 0.179688 0.429688 0.179688 0.428125 0.181250 0.426563 0.181250 0.423438 0.182812 0.421875 0.182812 0.420312 0.184375 0.418750 0.184375 0.415625 0.185938 0.414062 0.185938 0.412500 0.187500 0.410938 0.187500 0.409375 0.189062 0.407813 0.187500 0.406250 0.187500 0.398438 0.185938 0.396875 0.184375 0.396875 0.181250 0.393750 0.179688 0.393750 0.176563 0.390625 0.175000 0.390625 0.171875 0.387500 0.170313 0.387500
0 0.653125 0.307812 0.643750 0.317188 0.642188 0.317188 0.634375 0.325000 0.634375 0.331250 0.635938 0.332813 0.635938 0.337500 0.637500 0.339062 0.637500 0.343750 0.639062 0.345313 0.639062 0.356250 0.640625 0.357812 0.640625 0.365625 0.642188 0.367188 0.642188 0.370312 0.640625 0.371875 0.640625 0.382812 0.639062 0.384375 0.639062 0.393750 0.640625 0.395313 0.640625 0.396875 0.639062 0.398438 0.639062 0.410938 0.637500 0.412500 0.637500 0.431250 0.639062 0.431250 0.643750 0.434375 0.646875 0.434375 0.648438 0.435937 0.650000 0.435937 0.654687 0.440625 0.656250 0.439063 0.667188 0.450000 0.670312 0.450000 0.676562 0.456250 0.676562 0.457813 0.682813 0.464062 0.685937 0.464062 0.689063 0.467187 0.690625 0.467187 0.695312 0.471875 0.696875 0.471875 0.700000 0.475000 0.701562 0.473438 0.701562 0.471875 0.703125 0.470313 0.703125 0.468750 0.706250 0.465625 0.706250 0.464062 0.709375 0.460938 0.709375 0.459375 0.710938 0.457813 0.710938 0.456250 0.714063 0.451562 0.712500 0.450000 0.715625 0.446875 0.715625 0.445312 0.718750 0.440625 0.718750 0.421875 0.717187 0.420312 0.717187 0.393750 0.715625 0.392188 0.715625 0.365625 0.714063 0.364063 0.714063 0.345313 0.715625 0.343750 0.715625 0.335938 0.710938 0.331250 0.709375 0.331250 0.704688 0.326562 0.704688 0.325000 0.690625 0.310937 0.690625 0.309375 0.689063 0.307812 0.687500 0.307812 0.682813 0.303125 0.681250 0.303125 0.679688 0.304688 0.675000 0.304688 0.673438 0.306250 0.659375 0.306250 0.657813 0.307812
0 0.971875 0.257812 0.960938 0.268750 0.960938 0.270313 0.962500 0.271875 0.962500 0.282813 0.960938 0.284375 0.960938 0.298438 0.962500 0.300000 0.964063 0.300000 0.965625 0.301563 0.968750 0.301563 0.971875 0.304688 0.973437 0.304688 0.976562 0.307812 0.979688 0.307812 0.981250 0.309375 0.985938 0.309375 0.987500 0.307812 0.987500 0.300000 0.985938 0.298438 0.985938 0.271875 0.984375 0.270313 0.984375 0.264062 0.982812 0.264062 0.981250 0.262500 0.979688 0.262500 0.978125 0.260937 0.976562 0.260937 0.975000 0.259375 0.973437 0.259375
0 0.923438 0.239063 0.909375 0.239063 0.909375 0.242188 0.907813 0.243750 0.909375 0.245312 0.909375 0.246875 0.907813 0.248438 0.907813 0.251563 0.906250 0.253125 0.906250 0.254688 0.904687 0.256250 0.904687 0.259375 0.903125 0.260937 0.903125 0.271875 0.904687 0.273438 0.904687 0.276562 0.907813 0.279687 0.907813 0.281250 0.909375 0.282813 0.910937 0.282813 0.912500 0.284375 0.912500 0.285938 0.915625 0.289062 0.918750 0.285938 0.920312 0.285938 0.923438 0.282813 0.923438 0.281250 0.925000 0.279687 0.925000 0.278125 0.926562 0.276562 0.926562 0.275000 0.928125 0.273438 0.926562 0.271875 0.926562 0.270313 0.928125 0.268750 0.928125 0.267188 0.929688 0.265625 0.929688 0.259375 0.928125 0.257812 0.928125 0.248438 0.926562 0.246875 0.926562 0.243750 0.925000 0.242188 0.925000 0.240625
